15 15
18 2 18 0 0 0 0 13 13 0 0 0 0 0 0 
0 0 13 1 1 1 1 0 16 0 16 16 0 10 5 
0 0 0 0 0 0 0 0 0 4 16 0 13 3 4 
0 2 2 2 0 0 0 0 13 4 0 16 16 13 13 
0 0 13 0 0 0 0 0 16 4 0 16 16 0 0 
3 0 0 0 0 3 0 0 16 0 0 3 0 16 3 
3 0 0 0 0 3 0 0 0 0 0 3 0 13 3 
3 0 3 0 0 3 13 0 4 0 0 3 16 1 6 
3 0 8 18 0 3 0 2 11 0 13 0 0 0 0 
3 4 0 0 0 0 0 16 0 4 0 16 0 0 0 
3 4 0 0 17 1 1 0 2 11 0 0 0 7 9 
3 4 16 0 0 0 0 0 0 0 0 0 0 4 3 
8 2 2 2 2 2 0 0 0 1 1 1 0 0 0 
0 0 0 0 0 0 19 0 0 0 0 0 16 0 0 
0 0 13 0 16 1 6 0 13 0 13 0 0 13 0 
