18 18
0 0 3 13 0 1 1 17 0 0 0 0 0 0 0 0 0 4 
0 13 3 0 0 0 0 0 0 0 0 0 4 0 19 16 0 4 
0 0 3 0 0 0 0 0 0 0 3 0 4 0 3 0 16 4 
0 0 0 0 16 16 0 0 0 0 3 0 4 0 3 0 0 0 
0 1 5 0 16 16 13 0 13 0 3 0 0 13 0 0 0 16 
0 0 4 0 0 18 9 0 0 0 0 0 0 13 0 0 0 3 
0 0 0 0 0 0 8 2 0 0 0 0 0 16 0 0 13 3 
10 17 0 0 0 0 16 16 0 0 0 0 2 2 2 2 0 3 
3 0 0 0 0 0 0 0 0 13 0 0 0 0 16 0 0 3 
0 1 1 1 1 0 16 0 0 13 2 2 18 0 13 0 0 0 
0 0 0 3 0 0 16 18 2 2 13 0 13 0 0 0 0 13 
0 13 0 3 16 0 0 0 13 0 0 0 13 2 2 2 13 0 
3 16 0 3 0 0 0 0 0 16 0 0 0 16 0 0 0 13 
3 0 16 3 13 0 0 0 0 0 0 16 0 0 0 0 1 5 
3 0 0 0 0 16 0 0 2 2 2 13 0 0 0 4 13 4 
3 0 0 0 13 16 13 0 0 0 0 0 0 0 0 4 0 16 
0 0 1 17 1 17 0 0 0 0 16 0 16 13 13 4 0 0 
0 0 0 16 0 13 0 0 1 1 1 0 0 2 2 11 0 0 
