15 15
2 2 2 2 0 0 10 1 1 1 1 1 0 0 20 
16 0 0 0 0 0 3 0 0 0 13 0 0 0 4 
0 13 0 0 16 0 13 0 0 0 0 0 13 0 4 
13 0 0 0 16 16 0 0 0 0 16 2 2 2 9 
0 0 16 16 0 7 2 2 2 2 2 2 0 13 3 
13 13 0 2 2 11 0 0 16 16 16 0 0 0 3 
13 4 0 16 0 0 4 0 0 0 0 0 13 13 3 
18 11 0 0 0 0 12 1 0 0 0 0 0 0 3 
16 13 0 0 0 4 13 0 0 0 0 0 0 0 3 
0 0 0 2 2 11 0 0 0 16 0 0 16 4 0 
0 0 0 0 0 0 0 0 0 0 0 0 0 4 13 
0 0 13 0 0 0 0 0 3 0 0 16 0 4 16 
0 0 1 17 1 1 0 0 3 16 0 0 0 0 0 
13 17 5 0 0 0 16 16 19 0 16 13 0 16 13 
0 0 20 0 0 0 16 0 0 0 16 2 2 2 0 
