15 15
0 0 13 0 0 0 0 0 16 0 16 0 0 0 0 
0 0 0 0 0 20 0 0 16 0 13 16 0 16 0 
0 1 5 0 0 4 0 13 0 16 2 2 2 2 13 
13 0 4 0 0 4 16 0 0 0 16 0 0 0 0 
13 0 0 16 16 0 0 7 2 0 0 13 0 0 0 
13 16 16 0 0 13 16 4 0 0 16 0 13 13 0 
0 0 0 4 0 0 0 0 1 1 1 0 0 0 0 
0 0 0 4 0 2 2 9 0 0 13 0 0 0 0 
0 0 0 4 0 0 0 3 0 0 0 0 16 0 19 
2 2 2 0 0 0 0 0 0 0 0 16 10 1 6 
16 0 0 13 0 0 13 17 1 1 13 0 3 0 0 
13 0 16 16 0 0 0 0 16 13 0 13 0 0 0 
0 13 0 2 2 2 1 1 5 16 13 4 0 13 0 
0 0 1 5 0 16 13 0 4 0 0 4 0 0 0 
13 0 0 20 0 0 0 0 4 0 0 20 0 0 0 
