16 16
13 13 0 3 0 0 0 7 2 16 0 0 0 0 0 0 
0 0 0 3 0 0 0 4 0 0 1 1 1 16 0 0 
0 0 0 3 0 0 16 0 0 3 0 0 0 0 16 0 
17 1 1 0 13 4 0 13 0 3 16 0 13 1 1 1 
16 0 0 0 0 4 0 0 0 3 0 4 0 16 0 0 
0 0 16 13 16 20 0 16 0 0 16 4 0 0 0 0 
0 0 16 0 0 0 16 0 0 0 0 20 0 3 16 0 
0 0 13 0 0 0 0 0 0 16 0 0 0 3 0 0 
0 20 0 0 0 0 2 2 2 16 0 0 4 19 0 13 
0 12 1 1 1 1 13 0 0 0 0 13 4 0 0 0 
0 1 5 0 0 0 16 0 0 0 0 0 12 17 0 0 
4 0 4 13 0 0 0 0 0 13 13 0 0 13 0 0 
4 0 4 16 0 0 0 0 1 1 1 1 16 16 0 0 
4 0 0 0 0 0 0 0 0 0 0 13 0 0 0 0 
4 0 0 0 2 2 2 2 0 0 0 16 0 16 0 0 
20 0 0 0 0 0 13 0 0 0 0 1 1 1 0 0 
