17 17
3 0 0 17 1 17 0 0 0 0 16 0 16 16 0 3 0 
3 0 13 0 0 0 0 13 0 0 3 0 16 16 0 3 0 
3 0 0 0 16 0 16 16 0 0 3 0 0 16 0 3 0 
3 0 0 0 0 4 0 0 16 0 3 16 13 16 16 0 0 
0 0 0 16 0 4 0 0 0 16 0 0 0 0 0 3 20 
0 0 16 0 0 4 0 0 0 0 16 16 0 0 0 8 11 
0 0 13 0 0 16 13 0 0 0 0 16 0 0 0 0 0 
0 0 0 0 0 13 0 1 1 1 16 0 13 13 0 0 16 
1 1 1 0 16 0 13 13 0 0 0 7 2 0 0 13 0 
0 0 0 0 16 20 0 16 0 13 16 4 13 0 16 0 0 
13 0 0 16 0 4 0 0 0 0 0 0 16 0 16 0 0 
0 0 13 0 16 4 0 0 16 0 19 13 2 9 17 1 1 
0 0 0 0 0 0 0 0 0 0 3 0 0 3 0 0 0 
19 0 0 0 13 13 0 0 0 0 3 0 0 0 3 0 0 
3 7 2 2 0 0 0 3 0 0 0 0 0 0 3 0 0 
8 27 13 16 0 0 0 8 2 0 13 0 0 16 8 2 0 
0 0 2 2 2 2 2 0 0 0 0 0 0 0 0 0 0 
