15 15
2 2 2 0 2 2 2 2 0 0 0 2 2 2 0 
0 0 0 0 0 0 0 0 0 0 0 0 0 0 0 
0 0 0 0 0 0 0 0 0 3 13 0 7 2 0 
13 1 1 1 0 0 0 0 0 3 0 0 4 0 13 
0 13 0 1 17 1 5 0 0 8 2 2 2 0 13 
0 0 18 9 0 13 4 0 0 0 0 0 0 16 0 
0 0 0 3 0 0 4 0 0 16 0 0 16 16 0 
10 1 0 0 0 0 0 0 0 16 16 10 1 17 1 
3 1 1 1 1 0 16 0 0 0 0 3 0 0 0 
13 0 0 0 0 0 0 0 0 0 0 3 0 13 0 
2 2 18 13 0 17 1 17 0 3 0 3 16 0 0 
16 0 0 1 5 0 0 16 0 3 0 3 0 0 0 
0 4 0 0 4 0 0 13 0 3 0 0 0 4 13 
13 4 0 13 4 13 0 0 0 13 2 2 18 12 1 
0 4 0 0 20 0 2 2 2 0 0 0 0 13 0 
