18 18
0 0 0 0 0 13 0 0 16 3 0 0 3 13 13 0 16 3 
0 0 17 1 1 0 0 13 0 3 13 0 8 2 0 0 0 3 
0 0 0 0 0 16 3 13 0 3 0 0 0 0 0 0 0 3 
16 10 1 0 0 0 3 13 0 0 0 3 16 0 16 0 0 3 
0 8 2 2 2 0 3 13 0 3 0 3 0 0 0 4 16 3 
0 0 0 0 0 4 8 2 0 3 0 3 0 0 13 4 13 3 
0 0 0 18 2 11 0 0 13 3 0 0 0 0 0 4 0 3 
0 0 0 0 0 0 13 0 0 0 13 0 0 16 13 0 16 0 
2 2 2 16 0 0 0 17 1 1 1 1 0 16 0 0 0 0 
0 16 0 0 0 16 16 0 0 16 3 13 0 16 16 0 3 0 
0 16 13 0 0 13 0 16 0 0 3 0 0 16 0 0 3 0 
0 13 0 0 0 0 16 0 0 0 3 0 0 16 13 0 3 0 
0 0 13 0 16 0 0 0 16 0 0 20 16 0 4 13 16 13 
2 9 0 0 16 0 0 0 0 4 0 4 0 0 20 0 0 0 
16 3 16 0 16 3 4 0 0 4 13 4 16 16 4 0 0 4 
0 24 2 0 0 8 11 16 0 4 16 0 0 0 20 16 0 4 
0 13 0 16 0 0 0 16 13 4 0 0 16 13 0 0 16 4 
0 17 1 1 16 13 0 0 0 0 0 0 0 0 0 0 0 0 
