18 18
0 0 16 13 0 0 13 16 2 2 2 16 0 4 0 0 0 0 
0 0 0 0 0 4 0 0 0 16 0 16 0 12 1 1 1 0 
17 1 1 0 13 4 0 0 0 0 0 0 16 16 0 0 0 16 
0 0 0 0 16 4 13 0 13 0 4 0 0 2 9 0 0 0 
13 0 4 0 0 0 13 0 0 0 4 0 0 0 3 7 2 0 
0 0 12 21 0 0 0 13 16 16 20 0 3 0 0 4 0 0 
13 16 0 4 0 0 0 0 0 0 0 0 3 0 0 4 0 0 
0 16 0 20 1 1 1 1 1 5 0 0 3 0 13 16 13 0 
0 0 13 12 1 0 16 0 0 20 16 13 0 0 13 0 3 16 
0 0 0 0 0 0 0 0 0 0 0 0 13 0 0 0 3 0 
0 0 13 0 13 13 0 0 0 13 13 0 0 20 0 0 3 0 
0 0 0 0 4 13 0 0 0 0 0 13 13 4 0 0 3 0 
2 2 9 0 4 0 13 0 4 0 0 0 0 4 0 0 0 0 
0 16 3 13 4 0 0 0 4 0 16 16 0 0 16 16 0 13 
0 0 13 0 0 0 0 0 4 0 0 0 0 4 18 2 2 0 
13 0 0 0 4 16 13 20 0 0 16 0 0 4 0 0 16 0 
0 13 0 0 4 0 0 4 0 13 0 2 2 11 0 0 13 0 
0 0 0 16 20 0 0 4 16 0 0 0 13 1 1 1 0 0 
