16 16
16 16 16 0 3 16 0 0 1 5 16 13 0 0 0 0 
4 0 0 0 3 16 0 13 0 20 0 0 16 0 0 0 
4 16 0 16 3 0 16 16 16 0 10 1 5 0 16 0 
12 5 0 13 0 0 16 0 0 10 6 13 4 16 0 16 
2 11 0 0 0 0 13 0 0 3 0 20 4 13 16 0 
0 0 0 0 0 0 0 13 0 3 13 4 4 13 0 0 
0 0 16 0 0 0 13 0 13 3 0 4 4 17 1 1 
0 13 0 13 0 7 18 2 13 0 0 0 4 0 0 16 
4 0 0 0 0 20 0 0 0 16 16 16 12 1 1 1 
4 13 0 0 0 4 0 0 3 0 0 16 0 0 0 0 
4 0 19 0 0 4 0 0 3 0 0 16 0 0 0 13 
4 16 3 0 16 0 13 0 3 0 0 0 16 0 0 4 
0 0 3 0 7 18 0 13 3 0 0 13 13 0 0 4 
0 0 0 0 4 0 0 0 13 13 10 1 17 0 0 4 
0 0 13 0 4 13 0 0 13 16 3 0 0 0 0 0 
13 0 2 2 11 16 0 1 1 1 3 13 0 0 0 0 
