15 15
0 0 0 3 0 2 2 18 2 2 2 0 1 1 1 
0 20 0 3 0 0 0 0 0 0 0 0 0 0 0 
0 4 0 3 13 0 0 0 0 0 13 0 0 0 13 
13 20 0 13 0 0 0 2 2 18 0 2 2 2 0 
0 0 0 0 0 0 16 0 0 0 0 0 0 13 0 
18 9 0 13 1 1 1 0 0 16 3 0 16 0 0 
0 19 0 0 0 0 0 0 13 0 3 0 0 16 0 
0 0 0 17 1 1 0 0 0 0 8 2 2 0 0 
16 0 0 0 13 0 0 0 0 0 0 0 0 16 0 
18 2 25 0 0 0 0 0 0 13 16 16 13 0 0 
16 13 3 0 0 13 16 0 0 0 0 2 2 2 0 
13 0 3 13 13 0 2 2 2 0 0 16 0 13 16 
0 1 6 0 0 0 13 0 16 13 0 0 0 0 13 
0 3 13 13 0 1 5 0 0 0 0 2 2 2 0 
0 8 2 0 0 0 4 0 0 0 16 0 0 0 13 
