16 16
0 0 1 1 1 0 0 17 1 17 0 0 0 13 0 16 
0 0 0 0 16 4 0 13 0 16 0 1 5 0 0 0 
19 0 0 0 0 4 0 0 13 0 0 0 12 1 0 4 
3 16 0 0 3 4 0 13 0 2 2 2 0 16 13 4 
3 0 0 0 8 11 0 0 0 0 0 0 0 0 0 4 
3 0 0 0 0 16 4 13 0 0 1 5 0 0 0 16 
3 0 16 3 0 3 12 1 21 0 0 4 16 0 0 0 
0 16 0 3 0 8 18 0 4 0 0 4 13 0 0 0 
0 0 0 3 0 0 0 0 20 16 13 4 0 16 0 16 
0 0 0 3 0 0 0 16 13 13 0 0 0 0 16 3 
0 0 18 2 2 13 0 3 0 0 16 0 0 0 13 3 
0 0 0 0 13 0 16 3 0 2 25 0 0 13 0 3 
0 0 13 0 13 4 16 3 0 13 3 0 0 2 9 0 
0 3 0 4 0 4 13 3 0 16 3 0 0 0 3 0 
13 8 18 11 2 11 0 3 0 1 6 0 16 13 0 0 
0 0 0 0 0 0 0 0 0 0 0 0 2 2 18 13 
