18 18
0 16 10 1 0 0 0 0 0 2 2 9 0 0 0 0 0 19 
0 0 8 2 7 2 0 0 0 0 0 3 0 7 2 0 0 3 
0 16 0 0 12 1 0 0 0 0 3 0 0 4 13 0 0 3 
16 16 0 0 0 0 0 16 0 13 3 0 0 20 0 0 4 13 
19 0 0 0 0 0 16 3 0 0 3 13 16 16 7 18 11 0 
3 0 13 0 0 0 0 3 0 13 0 0 0 0 12 1 1 13 
19 0 0 10 1 1 1 22 16 0 13 0 0 0 16 0 0 0 
0 16 0 3 4 0 13 0 0 0 1 1 1 0 16 0 0 0 
0 16 0 3 4 0 0 0 0 0 16 0 0 0 0 0 0 0 
0 0 0 8 27 0 0 13 0 0 0 0 0 0 0 0 16 0 
7 2 0 0 0 0 0 13 0 4 16 16 0 13 0 1 1 1 
12 1 0 13 0 0 17 1 1 4 16 16 18 9 0 16 0 0 
0 16 0 0 0 0 0 13 0 12 1 1 1 6 0 0 0 0 
2 2 18 0 0 0 0 0 0 16 16 13 16 0 0 0 0 0 
0 0 0 0 0 3 0 0 0 13 0 0 0 0 0 0 0 0 
0 0 3 13 13 3 0 3 0 16 0 4 0 0 1 1 5 0 
0 0 3 0 13 3 13 24 2 2 0 4 0 0 0 13 12 1 
0 13 3 13 0 13 0 0 16 13 0 4 0 0 13 0 0 0 
