17 17
0 0 16 3 0 13 16 0 3 0 0 16 0 0 1 1 1 
0 0 0 8 2 16 0 0 3 0 0 0 0 0 0 0 16 
0 0 0 3 0 13 0 0 3 0 16 3 0 0 16 19 0 
13 16 13 3 0 0 0 0 0 0 0 3 0 0 0 3 0 
13 3 0 3 13 0 0 13 13 0 13 8 2 2 0 3 4 
0 3 0 3 0 0 13 0 16 0 13 0 16 0 0 0 4 
0 3 0 0 0 0 0 0 16 16 0 0 16 0 3 0 4 
0 0 0 16 0 0 18 2 2 2 16 13 0 0 8 2 11 
1 1 1 1 0 0 0 0 0 3 0 13 19 0 0 0 13 
13 0 0 0 0 0 0 16 1 6 13 0 3 0 0 0 0 
0 0 0 0 0 13 13 13 0 0 13 0 19 13 0 0 13 
2 2 18 0 0 0 0 0 13 0 4 13 3 13 16 16 0 
16 0 0 13 18 2 2 0 0 0 4 0 3 0 0 4 16 
0 0 0 16 0 0 13 16 3 13 4 0 3 0 0 4 13 
13 0 23 2 16 0 0 13 8 18 0 16 0 0 0 12 1 
0 0 4 16 16 0 0 0 0 0 13 13 0 0 0 0 0 
0 0 4 0 0 0 0 0 2 2 2 0 0 0 16 16 16 
