15 15
16 1 5 16 13 13 0 0 0 0 0 16 0 0 3 
0 0 4 16 0 0 16 16 0 0 0 16 0 0 3 
20 0 0 0 0 0 3 16 0 0 1 1 17 0 3 
4 0 0 0 13 16 3 0 0 0 16 0 0 0 0 
4 0 0 0 0 0 8 2 9 0 0 0 0 0 0 
0 0 0 13 0 0 0 0 3 0 0 0 16 16 0 
0 0 13 0 13 0 0 0 3 0 0 0 16 0 0 
0 0 0 2 2 18 0 0 3 0 0 0 16 0 13 
2 2 2 9 4 0 0 0 0 13 0 0 0 0 0 
0 0 16 3 4 0 1 1 1 0 0 0 2 9 0 
0 0 0 8 11 0 13 0 0 0 20 0 1 22 0 
0 0 0 0 0 16 19 4 4 0 4 0 13 0 16 
0 16 0 13 0 0 8 11 4 0 20 13 0 0 16 
16 7 2 2 2 2 2 2 11 0 13 0 0 0 16 
0 4 0 13 0 16 0 16 17 1 1 0 16 0 0 
