15 15
0 0 0 0 16 0 0 0 0 0 0 19 0 0 13 
3 13 1 5 0 16 0 0 0 0 0 3 0 13 0 
8 2 0 20 0 0 1 1 1 0 0 8 2 0 3 
4 0 0 0 0 0 0 3 13 0 0 0 0 0 3 
28 1 1 16 0 1 1 6 16 0 16 16 0 0 3 
0 0 0 0 0 13 0 0 0 0 13 0 0 0 0 
13 0 0 0 0 1 1 1 0 0 16 0 0 13 0 
10 1 17 0 13 0 0 16 0 0 0 13 0 16 16 
8 2 2 0 0 0 0 0 0 0 16 1 1 1 1 
16 0 0 13 0 0 1 17 1 5 13 0 0 0 16 
0 0 0 0 2 2 25 13 16 4 0 0 0 0 0 
0 0 0 16 0 0 3 0 0 13 0 0 0 13 0 
4 0 18 2 9 0 0 13 0 0 0 0 0 0 20 
4 13 0 0 8 2 2 2 2 2 2 2 0 18 11 
4 0 0 0 0 0 16 13 0 0 0 0 0 0 0 
