16 16
19 16 0 0 3 0 16 0 0 0 16 0 0 0 0 19 
3 0 0 0 3 0 0 0 10 1 1 13 4 16 0 3 
3 0 20 0 3 4 16 13 8 2 0 16 4 1 1 6 
0 0 4 13 3 12 5 0 0 0 16 16 20 0 0 0 
0 0 4 0 8 18 11 0 0 0 0 13 13 0 0 0 
0 0 0 0 16 0 16 0 0 4 13 0 3 16 0 0 
0 0 0 0 0 0 16 0 0 20 0 0 3 0 0 0 
0 0 0 2 2 2 2 18 0 4 0 0 3 0 0 0 
0 16 0 0 0 0 0 0 0 4 16 13 3 0 0 0 
16 0 0 0 0 0 16 16 3 0 0 0 0 3 0 0 
1 1 17 0 4 16 16 0 8 18 0 16 0 3 0 3 
0 0 0 0 4 0 0 0 16 0 0 0 13 3 13 3 
0 3 16 0 12 1 1 1 1 1 1 0 0 0 13 3 
0 3 16 0 0 0 0 0 0 0 13 0 0 0 13 3 
0 3 13 0 0 0 0 2 2 2 0 0 7 9 0 0 
0 0 0 1 1 1 0 0 0 0 0 16 4 3 0 0 
