15 15
3 0 0 0 16 0 16 0 0 0 1 1 1 1 0 
3 0 16 0 3 13 16 16 2 2 2 2 9 0 13 
3 0 20 16 3 0 13 13 0 0 16 0 3 0 0 
13 2 11 0 3 0 0 0 0 16 13 0 8 9 16 
16 0 0 0 13 0 0 0 16 4 0 0 10 6 0 
0 13 13 0 0 0 16 0 0 4 1 1 6 4 13 
0 0 0 1 1 5 16 0 0 4 0 13 0 12 1 
0 0 16 0 0 4 16 13 13 4 0 13 0 13 16 
0 0 0 0 0 4 0 0 16 0 16 0 0 0 0 
0 0 4 13 13 4 0 0 0 0 0 0 7 2 0 
18 2 11 0 16 16 0 16 0 0 0 0 4 0 4 
0 0 0 0 0 0 0 0 0 4 0 0 4 0 4 
0 0 16 4 3 13 0 0 0 4 0 0 0 0 4 
13 0 0 12 6 0 16 0 0 4 0 0 0 0 4 
0 0 0 0 0 16 16 0 0 0 0 0 0 0 0 
