17 17
0 0 13 0 0 16 3 13 0 1 1 1 1 1 1 0 0 
2 9 0 13 16 0 8 2 0 0 0 0 0 0 0 0 0 
0 19 0 0 0 19 0 0 13 3 16 0 0 0 0 13 0 
0 0 0 13 16 8 2 0 0 3 13 0 17 5 0 0 13 
18 2 2 0 0 0 0 0 0 3 13 0 0 4 16 16 0 
0 0 0 0 16 16 0 0 0 0 13 3 16 0 4 0 0 
0 13 3 0 0 0 0 0 16 16 16 3 0 16 4 0 0 
17 1 6 0 2 9 0 0 1 5 0 3 0 0 4 0 0 
0 0 16 16 0 3 0 16 0 4 13 0 0 0 20 0 0 
3 0 0 0 0 16 0 0 0 4 0 13 0 0 13 0 0 
3 13 0 20 0 16 0 16 0 0 0 16 16 0 0 0 0 
3 0 0 4 0 0 13 0 0 0 0 0 18 2 2 2 0 
0 0 0 20 0 10 1 16 13 0 4 0 0 0 0 0 13 
0 0 0 0 0 3 0 0 0 0 4 16 0 1 5 13 0 
0 2 2 2 2 2 2 13 16 0 4 0 0 0 4 0 0 
0 13 0 0 0 0 0 3 0 13 0 0 13 0 0 0 0 
0 18 2 2 2 0 16 8 2 16 0 13 0 13 17 1 1 
