17 17
0 0 0 16 0 0 16 2 2 2 0 0 0 0 3 0 0 
0 0 16 18 9 13 13 0 0 0 0 4 13 13 3 4 0 
0 13 0 0 3 0 0 0 0 0 0 20 13 0 3 4 0 
0 16 0 0 0 0 0 4 16 0 0 4 13 0 8 11 0 
0 0 3 13 0 0 0 4 0 0 13 20 0 0 0 0 0 
0 13 3 0 0 0 16 20 13 16 10 1 5 0 0 0 0 
0 0 3 0 0 0 13 0 16 0 19 16 4 16 1 1 1 
13 13 0 0 1 1 17 0 16 0 3 0 4 0 13 0 16 
0 0 0 0 0 0 16 0 13 0 16 16 4 16 16 0 16 
2 2 2 2 2 2 0 1 1 1 13 0 4 0 0 16 0 
0 0 0 0 0 0 0 0 0 16 0 0 0 16 0 16 13 
16 0 13 0 0 13 1 1 17 13 1 5 0 0 16 16 0 
0 0 0 16 0 0 0 0 0 0 0 20 0 0 0 0 16 
0 0 0 2 2 2 16 0 0 0 0 0 13 0 0 0 4 
0 0 0 0 0 16 0 0 3 0 0 0 19 0 16 0 4 
18 2 2 0 0 0 0 17 6 0 0 10 6 0 0 0 20 
0 0 0 0 0 1 1 1 1 1 1 6 13 0 0 16 0 
