15 15
0 0 0 3 0 16 13 0 0 3 0 0 4 0 0 
4 0 0 3 13 0 0 16 0 3 0 0 4 0 0 
12 17 0 3 16 0 0 0 0 3 0 0 4 0 0 
0 16 0 3 0 0 0 0 0 19 0 0 0 0 0 
0 0 0 3 13 16 0 0 0 0 0 0 0 4 0 
1 1 17 0 0 16 0 0 0 0 0 3 0 12 1 
0 0 0 0 0 3 0 0 3 0 0 3 0 0 0 
0 0 13 0 0 3 16 0 3 0 0 3 0 0 13 
0 20 13 0 0 3 16 0 3 0 0 0 0 13 0 
0 4 0 0 16 0 16 0 0 3 4 13 0 0 0 
0 4 0 0 0 0 0 16 0 8 11 0 0 0 4 
0 0 0 4 0 0 0 2 9 16 0 0 0 13 4 
0 16 2 11 0 0 0 16 8 2 2 18 0 0 4 
0 16 0 0 0 13 0 0 0 13 0 0 16 0 4 
0 16 16 0 0 16 18 2 2 2 2 0 0 16 20 
