18 18
0 16 16 4 0 0 1 1 1 16 0 16 16 0 0 3 0 0 
0 0 0 4 0 0 0 4 0 16 0 0 0 16 0 3 0 0 
3 0 0 4 16 0 0 4 0 0 1 1 1 0 16 3 0 16 
3 0 0 4 0 0 0 4 0 0 0 0 0 0 0 0 0 4 
3 7 2 11 0 0 0 4 0 0 16 0 16 0 3 0 2 11 
0 4 13 0 0 0 0 4 0 16 0 13 0 13 3 0 0 0 
0 4 0 0 2 9 16 0 3 16 0 0 0 16 3 0 0 0 
0 4 0 13 16 8 9 0 3 0 0 3 0 16 0 13 0 0 
0 20 0 0 0 0 3 16 3 0 1 6 0 0 13 2 2 9 
0 4 0 0 13 0 3 0 8 2 0 0 0 0 0 0 0 3 
0 13 0 4 0 0 3 0 0 0 0 16 3 0 0 0 13 0 
0 2 2 11 0 0 0 0 0 0 0 0 3 0 3 0 0 0 
0 13 0 0 0 0 0 13 1 1 1 13 3 0 8 2 2 0 
0 0 10 1 5 0 0 13 13 0 0 0 0 0 0 0 1 5 
0 13 3 0 4 0 0 13 0 1 1 1 0 0 3 0 0 4 
18 9 3 0 4 0 10 1 0 0 0 0 0 0 3 0 0 20 
0 3 0 0 4 0 8 2 2 2 0 13 13 1 6 0 0 4 
0 0 0 0 4 0 0 13 0 0 2 2 2 0 0 0 0 4 
