16 16
2 2 18 13 13 0 16 0 0 0 1 1 1 0 0 3 
16 0 0 0 13 0 18 2 18 0 0 13 0 13 0 3 
0 3 0 0 0 16 13 13 0 13 0 4 0 0 0 3 
0 3 0 16 0 16 0 4 0 0 2 11 0 0 0 0 
0 19 0 16 0 0 0 4 0 13 0 0 0 4 0 0 
0 13 10 1 1 1 0 4 0 0 13 0 0 4 0 0 
7 2 3 0 0 0 13 0 0 0 3 0 13 4 0 0 
4 0 16 0 0 0 0 0 0 0 3 0 13 0 0 0 
4 16 0 0 0 0 0 0 0 0 3 13 0 1 1 17 
0 0 0 0 0 10 1 16 0 16 16 13 0 0 0 0 
16 0 0 0 0 24 2 0 0 13 0 10 1 13 0 0 
2 9 13 13 0 0 0 0 1 1 17 6 0 0 0 0 
0 3 0 1 5 13 7 2 2 0 13 13 0 4 0 0 
16 0 0 0 4 0 4 16 0 0 0 0 0 12 1 16 
17 1 1 0 4 0 13 0 0 0 0 2 2 2 0 16 
0 0 0 0 12 1 1 1 1 1 0 0 0 16 0 0 
