18 18
3 0 0 1 1 1 0 0 0 0 20 16 0 0 0 2 2 2 
3 0 0 0 0 4 0 0 0 0 4 0 0 2 9 0 0 0 
19 0 0 16 13 20 0 0 0 0 4 0 0 0 19 4 0 0 
0 2 2 2 0 4 0 0 0 0 4 0 0 0 0 12 1 5 
0 0 0 0 0 20 0 0 0 16 4 16 0 0 0 0 0 4 
0 0 16 3 0 0 16 3 0 0 13 0 0 0 0 16 23 11 
0 0 0 8 18 0 13 3 0 0 0 2 2 2 2 2 11 16 
2 2 2 0 0 0 0 3 0 0 0 16 13 0 13 1 1 1 
0 13 0 16 13 0 0 3 13 0 0 0 0 0 0 0 0 0 
0 0 0 1 1 1 0 19 0 0 0 0 0 0 0 0 0 0 
13 0 0 13 0 0 0 3 0 16 0 16 0 0 0 0 0 0 
0 17 1 1 0 0 0 13 10 1 0 0 3 13 0 2 2 2 
0 13 0 0 0 0 0 0 19 0 0 0 3 0 16 13 13 0 
16 7 18 0 13 0 0 0 0 1 1 1 6 0 0 0 16 0 
16 4 0 0 16 13 0 16 0 0 0 0 0 0 7 2 2 0 
16 4 0 0 17 1 1 0 0 0 13 0 0 2 11 0 0 0 
0 0 0 0 0 0 0 0 10 1 0 0 0 0 16 0 0 0 
0 0 2 2 2 0 0 0 3 0 0 0 13 16 0 0 13 0 
