17 17
0 0 0 0 13 0 0 0 0 0 0 0 3 0 0 16 16 
1 1 1 17 0 3 0 0 0 0 0 0 3 0 16 0 3 
0 0 0 16 13 3 0 0 4 0 0 16 3 16 0 0 3 
0 0 13 0 0 3 0 0 4 0 16 0 8 18 9 0 3 
0 0 0 0 0 0 0 0 4 13 13 0 0 0 3 0 19 
0 4 0 2 2 2 0 0 0 0 0 0 13 0 3 0 16 
0 4 0 0 13 0 0 0 0 0 0 0 13 0 8 2 9 
0 20 13 13 16 0 0 0 13 0 0 2 2 2 16 0 3 
0 0 1 1 1 0 2 2 2 0 16 0 16 1 1 1 6 
0 0 13 0 0 0 0 13 0 0 0 10 1 1 1 5 0 
0 3 16 0 16 16 0 16 0 0 0 3 0 13 0 4 0 
0 3 0 0 0 0 0 0 7 25 0 0 0 0 0 16 13 
13 3 0 16 16 0 0 0 4 3 0 0 0 16 0 0 13 
0 3 0 13 0 0 0 16 20 0 0 7 2 2 0 16 13 
0 3 0 16 0 0 16 0 0 0 16 12 1 1 0 16 0 
13 3 0 13 3 0 0 0 0 16 16 0 0 0 0 0 0 
0 0 0 1 6 0 0 0 0 0 0 0 17 1 1 1 0 
