15 15
16 16 0 0 1 5 0 13 16 0 0 0 0 16 0 
3 0 0 0 0 4 0 0 16 2 2 2 2 0 0 
3 0 13 4 0 16 0 0 0 0 0 0 0 0 0 
3 0 18 11 13 0 16 16 0 16 13 13 16 0 0 
0 0 0 0 0 0 0 0 0 0 3 0 0 16 0 
0 0 0 0 13 0 0 0 0 0 3 0 0 0 0 
16 0 0 0 0 0 0 0 0 10 6 0 2 2 2 
16 0 0 16 0 0 1 1 1 6 0 16 13 0 16 
0 0 0 18 2 2 0 0 0 0 0 0 0 0 16 
19 0 16 13 16 0 0 0 13 0 0 13 0 0 0 
3 0 16 0 2 2 2 0 0 0 0 13 0 0 20 
19 16 0 0 0 0 0 0 0 2 9 0 0 0 4 
0 0 20 0 4 0 0 0 0 1 6 16 0 0 4 
16 0 4 0 4 0 0 0 0 0 13 0 13 16 0 
13 0 4 0 4 0 0 0 2 2 2 2 0 0 0 
