15 15
2 2 18 0 0 0 0 0 0 13 16 0 0 13 0 
16 0 0 0 1 1 1 0 19 0 1 1 17 0 0 
0 0 0 13 13 13 16 0 3 0 0 0 0 16 0 
0 4 0 1 1 1 13 0 3 0 16 0 0 0 0 
2 11 0 0 0 16 0 0 0 13 16 16 16 0 13 
0 13 13 0 0 0 0 0 0 1 1 1 1 0 0 
0 13 0 3 0 0 13 0 0 16 16 0 1 17 5 
0 0 13 3 0 0 0 13 13 0 0 0 2 2 11 
0 0 0 19 0 0 0 0 0 0 0 0 0 0 16 
0 0 0 0 0 10 1 0 4 0 0 0 0 0 0 
2 2 18 0 0 3 13 0 4 16 16 0 0 13 0 
0 0 0 0 1 6 0 0 4 0 16 0 0 0 0 
0 2 2 2 0 0 13 0 4 0 0 18 2 2 0 
0 0 13 0 16 16 16 16 0 0 0 0 0 13 0 
0 0 0 0 0 0 13 13 16 0 16 0 0 0 0 
