18 18
3 16 0 2 2 9 0 0 0 17 1 1 0 19 0 0 0 0 
3 13 0 0 0 3 0 0 0 0 0 16 0 3 0 0 0 0 
19 0 0 0 0 7 18 13 0 20 3 0 0 3 16 0 0 13 
3 0 0 13 0 4 13 0 0 12 6 0 0 13 0 7 2 0 
3 0 13 0 0 0 0 0 0 0 13 0 0 0 16 20 0 0 
3 2 2 2 2 0 0 20 0 0 0 16 16 0 0 0 16 0 
0 0 0 0 13 0 0 4 0 16 4 0 3 0 3 13 0 0 
0 0 4 0 0 0 0 4 0 0 4 16 3 0 3 13 3 0 
0 0 4 13 0 0 4 0 16 0 4 0 3 0 3 0 3 0 
0 16 4 16 0 16 4 13 0 0 0 0 3 0 19 13 8 9 
13 13 0 0 0 0 4 0 1 1 17 0 3 0 13 0 10 6 
20 0 0 0 0 0 4 0 0 0 16 0 0 0 0 0 3 16 
12 1 0 0 0 0 20 0 13 0 0 0 0 0 0 0 3 0 
0 0 0 0 0 0 16 16 0 0 13 0 13 0 0 0 19 0 
0 0 0 16 3 0 13 0 0 0 16 0 0 4 0 0 0 0 
7 9 0 0 3 0 16 0 0 3 4 0 0 4 0 1 1 1 
20 3 13 16 8 18 2 2 2 8 11 0 16 4 0 0 13 0 
0 0 13 13 0 0 13 13 0 16 0 0 0 16 0 16 0 16 
