17 17
16 4 16 0 0 0 0 3 16 0 0 3 0 0 16 0 0 
13 4 0 0 3 0 0 3 0 3 0 3 0 1 1 1 13 
0 20 0 0 3 1 1 6 0 3 13 3 0 0 0 13 16 
13 0 0 0 8 9 0 0 0 3 13 0 16 0 1 1 1 
0 10 1 1 1 6 4 0 0 3 0 16 0 16 0 0 0 
0 3 0 16 0 0 4 16 0 0 16 16 16 0 0 0 0 
0 3 0 0 0 0 4 0 0 0 0 0 7 2 9 16 0 
0 0 0 13 16 16 20 0 7 2 2 0 4 0 3 16 16 
16 0 0 0 0 16 0 0 4 0 0 0 0 0 3 16 0 
18 2 2 0 0 16 0 0 12 1 1 1 16 0 0 16 0 
0 0 0 0 0 13 13 13 0 16 3 0 0 0 0 0 0 
0 0 0 3 0 13 0 0 0 0 3 0 0 0 16 0 0 
0 0 0 3 0 3 0 0 16 0 3 13 0 0 17 1 1 
0 0 0 3 0 3 0 0 2 9 3 19 16 0 0 0 0 
0 16 0 0 13 3 0 4 0 19 3 3 0 0 0 13 0 
13 7 9 0 0 13 0 4 0 0 0 3 0 16 0 0 0 
0 4 3 0 13 0 13 20 0 0 0 13 0 2 2 18 0 
