15 15
13 0 16 0 0 16 0 0 3 0 0 0 0 16 16 
0 1 1 5 16 0 16 0 3 0 0 13 7 2 2 
13 4 0 4 0 0 0 0 3 16 16 0 4 16 0 
0 4 0 0 0 0 0 0 0 13 0 16 0 16 0 
0 12 1 1 1 5 0 16 13 0 0 0 0 0 0 
0 0 0 16 0 4 0 1 1 1 0 2 2 2 0 
16 1 1 1 1 4 0 0 0 0 0 0 0 16 0 
0 16 0 0 0 4 0 0 13 0 0 13 13 0 0 
0 0 0 0 0 4 0 0 13 0 0 13 0 0 0 
0 0 0 0 0 0 16 0 0 19 0 0 0 0 0 
16 0 7 2 0 0 0 0 0 3 0 0 0 0 13 
0 0 4 0 0 0 0 0 0 19 13 0 0 0 0 
0 0 4 0 0 0 0 0 0 3 10 1 1 1 0 
0 16 0 1 1 17 0 0 3 20 3 0 0 0 0 
0 0 13 0 0 13 0 0 24 11 3 1 1 1 1 
