17 17
0 1 1 1 13 13 7 2 2 13 1 1 1 16 0 0 0 
13 16 0 0 0 13 4 0 13 0 0 0 0 0 1 1 1 
0 0 0 0 0 16 4 0 0 1 1 1 0 0 0 0 0 
3 13 0 0 0 0 4 0 16 0 0 0 0 16 0 16 0 
3 0 17 1 17 13 4 0 2 2 2 0 2 2 2 9 0 
3 13 13 16 16 0 4 0 0 0 0 0 0 0 0 3 0 
0 0 16 0 13 0 4 0 0 17 1 1 0 13 4 16 3 
0 0 16 13 0 0 0 0 0 0 0 0 0 16 4 13 3 
0 0 0 0 0 0 0 16 0 0 0 0 0 7 11 0 19 
0 0 2 2 2 13 0 13 0 13 0 0 0 20 0 0 0 
0 0 0 13 16 0 3 4 0 4 0 0 0 0 3 0 0 
0 0 3 16 0 0 8 27 0 4 0 13 0 1 6 13 0 
0 0 3 13 0 0 13 0 0 4 0 4 0 0 16 16 0 
0 0 3 0 0 2 2 2 0 0 13 4 0 0 0 7 2 
0 0 3 0 0 0 0 0 0 0 2 11 0 16 0 12 1 
13 0 0 16 7 9 0 0 0 0 0 0 0 16 0 0 0 
0 0 0 0 4 8 2 2 2 2 2 0 0 0 0 0 0 
