17 17
7 2 2 2 2 0 3 0 10 1 1 1 1 1 0 0 0 
4 0 16 0 0 0 3 0 3 0 0 16 13 16 0 0 16 
4 16 13 13 0 16 3 0 3 0 0 4 13 0 0 10 1 
4 0 0 0 16 13 3 0 0 13 0 12 1 1 0 3 0 
4 0 0 13 0 16 3 0 13 0 0 0 0 16 13 0 0 
12 1 5 16 0 16 3 0 0 10 1 0 0 0 0 0 0 
13 0 4 16 0 0 3 13 0 19 7 2 16 0 0 0 0 
0 2 11 0 13 0 19 0 0 0 4 16 0 13 0 0 16 
0 0 0 0 16 13 0 0 0 0 4 13 0 0 1 1 1 
0 0 2 2 2 2 0 13 0 16 4 0 0 0 0 13 0 
0 13 0 0 0 0 13 16 0 13 0 13 0 13 4 0 0 
0 13 16 16 0 0 4 0 0 0 0 16 13 0 4 13 0 
16 13 0 0 13 0 4 0 1 1 1 0 0 0 12 1 1 
3 0 0 0 0 0 4 0 0 0 0 0 0 0 13 0 16 
3 0 0 0 0 0 0 16 13 16 0 16 0 13 0 0 0 
3 0 0 0 0 0 0 10 1 17 1 1 13 0 7 2 0 
16 16 0 0 0 17 1 6 0 0 0 0 0 2 11 0 0 
