18 18
0 0 0 0 20 0 0 3 16 0 3 16 0 0 0 1 1 1 
0 0 19 0 4 0 0 3 0 0 3 13 0 0 0 0 13 16 
0 0 3 0 4 0 0 3 13 0 3 0 0 0 7 18 2 2 
3 0 3 0 0 0 0 0 0 0 0 0 13 0 4 0 0 0 
8 2 0 0 0 0 0 0 0 0 13 0 0 0 0 0 0 0 
13 0 0 0 3 16 13 0 0 23 2 2 2 0 0 16 4 0 
0 13 0 0 3 13 0 0 13 4 0 0 0 0 0 0 4 0 
0 1 1 1 22 0 13 0 0 0 0 1 1 1 0 0 20 0 
0 0 0 0 16 0 0 0 16 0 13 0 0 0 13 0 0 13 
0 0 0 0 0 0 0 0 3 0 0 16 0 0 16 0 0 0 
0 0 0 0 0 0 17 1 6 0 16 0 0 4 0 0 0 3 
0 0 2 2 2 0 0 16 16 0 13 0 2 11 0 0 1 6 
20 0 0 0 0 10 5 0 16 13 0 0 0 16 13 0 0 0 
4 0 23 2 0 3 20 16 0 0 0 0 13 13 0 4 16 16 
20 0 4 0 0 3 4 13 13 0 0 0 0 0 0 4 0 0 
0 0 4 0 13 0 12 1 1 0 0 0 0 16 0 20 0 0 
0 0 0 0 0 0 0 0 0 16 16 0 0 0 0 7 2 0 
0 0 18 2 2 0 13 0 0 0 0 0 0 0 16 4 0 0 
