17 17
16 16 16 13 0 0 0 0 3 16 0 0 0 2 2 2 0 
16 16 0 0 16 7 2 13 3 0 16 0 13 0 0 0 0 
2 2 2 0 0 4 16 0 3 0 3 0 0 0 0 0 0 
0 0 16 16 13 4 16 0 0 0 3 0 0 0 0 0 0 
0 0 0 0 13 13 0 0 0 1 6 0 0 0 10 1 1 
13 16 0 0 13 3 16 0 0 0 0 0 0 3 3 0 0 
13 4 0 0 0 3 0 0 0 0 4 13 0 3 0 0 0 
16 4 0 0 0 3 0 13 4 13 12 17 0 3 0 0 0 
0 20 16 0 13 3 0 0 4 0 0 0 0 0 13 1 5 
0 0 0 4 0 3 16 0 4 0 0 0 0 13 0 0 4 
0 0 19 4 0 3 0 0 20 0 16 0 4 0 0 0 4 
13 0 8 11 0 3 0 0 4 0 18 2 11 0 0 0 0 
13 0 0 0 0 3 13 0 4 0 0 13 0 13 0 3 16 
0 0 0 0 0 3 0 0 4 0 0 0 0 0 13 3 0 
2 2 2 0 0 0 0 13 4 0 0 16 4 0 0 19 0 
16 0 0 3 0 0 0 16 4 0 0 0 4 16 13 0 0 
0 0 17 6 0 13 0 0 4 0 0 0 4 0 13 0 0 
