18 18
2 2 2 0 0 10 1 1 1 16 0 0 0 10 1 1 0 0 
16 13 0 0 0 3 0 13 0 0 0 0 0 3 13 13 16 16 
0 0 13 0 16 0 3 0 0 16 0 4 0 3 16 0 0 0 
16 0 0 16 0 13 3 0 0 16 0 4 0 3 0 0 10 5 
0 2 2 18 0 0 3 0 0 3 0 4 0 3 0 0 3 4 
0 13 0 0 0 0 0 0 0 3 13 0 13 8 2 0 0 0 
0 0 0 0 1 1 1 1 1 6 13 1 1 17 0 0 0 13 
3 13 13 0 0 0 0 0 0 0 13 0 0 16 0 0 4 16 
8 2 0 16 0 0 0 0 16 0 0 0 0 0 0 0 4 0 
0 16 0 3 0 0 0 13 16 0 16 0 0 0 0 0 4 0 
0 0 0 3 0 0 0 16 0 0 16 0 2 2 18 13 13 0 
0 0 1 6 0 13 0 0 2 2 2 0 0 0 0 2 2 9 
0 0 0 0 0 0 0 0 0 0 0 0 10 1 13 0 0 3 
0 0 13 0 16 0 7 9 0 0 0 0 3 4 0 0 0 3 
16 0 0 0 0 0 20 8 2 18 2 4 0 4 0 0 0 0 
2 9 0 0 16 13 13 0 0 16 0 4 0 20 0 18 9 0 
13 3 13 0 0 0 0 16 16 0 2 11 0 4 0 13 3 0 
0 0 0 0 0 2 2 2 0 0 16 0 0 20 16 0 0 0 
