16 16
0 4 0 16 3 0 0 0 0 10 1 0 16 0 3 0 
0 4 0 0 3 0 0 0 0 8 18 0 0 0 3 0 
16 4 0 16 3 13 3 16 16 0 0 13 0 16 19 0 
0 0 0 0 3 0 3 0 0 0 0 0 0 13 0 0 
0 10 5 0 0 0 3 0 0 16 16 0 0 0 0 0 
13 3 4 16 0 0 3 0 0 0 0 0 16 0 0 0 
0 0 0 13 0 0 8 2 2 13 18 2 2 0 0 0 
13 0 3 0 0 0 0 0 13 0 0 0 0 0 0 3 
0 1 6 0 13 0 0 0 10 1 5 0 0 0 13 3 
13 0 13 3 0 0 0 16 3 16 4 0 16 0 0 19 
10 1 0 3 0 0 0 0 0 0 4 0 0 16 0 0 
3 0 1 6 0 0 0 2 2 2 11 16 0 0 0 0 
13 0 0 0 0 0 13 0 0 0 4 0 18 2 18 0 
13 0 0 16 0 0 0 0 0 0 4 0 0 16 16 0 
0 17 1 1 0 16 0 16 0 0 4 13 16 0 0 0 
0 13 0 0 0 0 0 2 2 2 11 0 16 0 0 0 
