15 15
16 13 16 16 16 16 0 0 13 16 16 18 2 2 0 
3 0 0 16 0 7 2 2 2 2 2 2 2 2 9 
8 2 0 0 0 4 0 13 0 0 0 16 16 0 3 
13 0 0 0 13 4 16 16 16 16 0 16 10 1 6 
16 16 16 0 2 11 0 0 16 0 0 0 3 0 0 
0 16 13 16 0 0 0 0 0 0 0 0 3 0 16 
0 16 0 0 13 16 0 16 16 0 0 0 3 0 0 
0 0 0 0 13 1 1 1 0 0 0 0 3 0 0 
0 0 0 0 0 0 0 7 2 0 0 3 3 4 0 
2 2 18 0 0 16 0 4 4 0 0 3 3 4 0 
16 16 0 16 0 13 0 0 4 0 0 19 3 4 0 
16 16 0 0 0 0 0 2 11 0 0 3 3 0 13 
0 0 0 0 4 0 0 0 0 13 0 0 3 0 0 
1 1 17 0 4 13 0 0 18 2 2 0 3 0 0 
0 0 0 0 20 0 0 0 0 0 0 13 1 1 1 
