18 18
0 0 0 0 0 0 0 0 13 16 16 13 0 0 0 0 0 4 
3 16 16 0 20 0 0 17 1 1 0 0 0 0 16 16 0 4 
3 0 0 13 4 0 0 0 0 0 0 1 5 0 0 16 0 4 
3 16 0 0 20 0 16 2 2 2 0 13 12 1 21 0 0 0 
0 13 13 0 16 0 16 0 0 0 0 0 0 2 11 0 4 13 
0 13 13 0 13 0 16 0 0 0 0 0 0 16 0 0 4 0 
16 0 0 0 13 16 0 0 0 13 0 0 16 0 13 4 4 0 
4 0 16 0 0 0 18 2 9 0 0 16 0 0 0 4 16 0 
4 0 0 16 0 0 13 0 3 0 0 1 1 1 13 28 1 1 
4 0 0 18 2 18 13 13 3 0 0 0 0 0 0 0 0 0 
4 0 16 0 0 0 0 0 0 0 0 13 0 0 3 16 0 0 
0 16 16 0 0 16 13 0 13 0 16 0 16 1 6 0 16 0 
0 0 0 0 0 1 1 1 1 16 0 16 0 0 0 0 13 0 
0 0 0 0 0 0 0 0 0 0 0 13 0 0 13 0 13 0 
4 13 0 4 0 16 0 0 3 16 0 0 0 3 0 0 4 0 
4 0 0 4 0 0 0 13 3 0 3 16 0 3 0 2 11 0 
4 0 0 4 0 0 0 0 19 0 3 0 0 3 0 0 0 0 
0 16 13 0 16 0 16 0 0 16 8 2 0 0 0 0 0 13 
