16 16
0 0 0 0 16 0 0 0 0 0 0 2 9 0 16 3 
0 16 16 13 0 13 0 0 1 1 1 1 6 16 13 3 
0 13 16 0 3 0 0 0 0 0 0 0 0 13 0 3 
13 0 0 16 3 0 16 13 0 0 0 0 13 0 0 0 
0 16 16 0 19 0 18 2 18 2 2 13 0 16 0 4 
0 0 16 16 0 16 0 0 0 0 10 5 0 2 2 11 
20 0 0 0 0 13 0 0 0 0 3 4 13 0 0 0 
4 0 13 0 3 16 0 0 0 7 2 27 13 0 16 0 
20 16 0 0 3 0 0 13 0 4 0 0 0 19 0 13 
0 0 0 16 3 0 0 0 0 20 16 0 0 3 0 4 
0 1 21 13 13 0 0 0 0 0 0 7 2 3 0 4 
4 0 4 0 1 1 1 1 0 0 0 4 0 0 0 20 
4 0 4 0 13 0 13 0 0 16 13 4 0 0 13 0 
20 0 0 0 0 0 1 1 1 17 0 20 0 0 0 0 
4 0 0 17 1 1 0 0 0 0 0 4 0 0 0 0 
4 0 0 13 0 0 0 0 13 0 0 20 0 0 0 0 
