18 18
16 0 2 2 2 0 0 0 0 4 0 0 0 13 0 0 0 0 
13 0 0 0 0 0 0 0 0 4 13 13 0 0 0 4 0 0 
0 0 17 1 1 0 2 9 16 4 0 0 16 0 2 11 0 0 
0 0 0 0 0 0 0 3 0 0 16 0 0 0 0 7 2 9 
0 1 1 1 0 0 13 0 1 1 1 1 0 16 0 4 0 3 
0 0 0 16 0 0 0 3 13 0 0 16 0 0 13 4 0 0 
0 0 0 13 0 0 0 3 13 0 0 0 13 3 0 0 0 0 
0 0 16 0 0 0 0 3 0 0 0 0 0 3 13 0 0 0 
0 0 0 0 0 0 0 0 16 1 5 0 0 3 0 16 0 0 
0 0 16 7 2 0 0 0 0 0 4 16 0 3 19 0 0 13 
0 13 16 12 17 16 16 0 0 0 0 0 1 6 3 13 0 0 
0 0 0 13 0 16 0 0 0 0 0 3 0 16 3 0 0 0 
13 0 0 0 0 0 0 0 0 0 13 3 0 0 3 0 0 4 
0 1 1 1 0 16 13 0 0 0 0 3 0 0 0 3 0 4 
0 0 0 16 0 0 0 16 7 2 16 13 0 0 1 6 0 4 
0 0 0 0 16 0 2 2 11 0 2 2 2 0 0 13 0 0 
1 5 0 13 0 0 0 0 7 2 0 0 0 0 0 0 13 16 
13 4 16 0 0 0 0 0 12 1 13 13 0 1 1 17 0 0 
