16 16
16 13 0 1 1 5 0 0 0 0 0 17 1 1 0 0 
4 0 0 0 0 4 0 0 0 13 0 0 13 0 0 0 
4 16 0 0 0 4 0 0 4 0 0 1 1 17 0 0 
4 0 13 0 16 0 0 0 12 1 0 0 0 0 16 0 
16 0 16 0 0 2 2 18 0 0 0 16 4 0 13 0 
0 16 0 13 0 16 13 13 0 0 0 7 11 0 0 0 
16 0 0 16 0 0 0 3 0 0 0 4 16 0 16 0 
17 1 1 0 0 16 0 3 0 0 0 4 13 0 0 0 
13 0 0 0 0 4 0 3 1 21 13 20 0 16 16 0 
16 0 0 0 0 4 0 3 0 4 0 13 0 16 0 0 
0 0 3 0 0 4 4 0 0 4 0 16 0 0 0 0 
16 3 8 2 0 4 4 0 0 16 0 4 0 13 4 0 
0 3 0 0 0 4 4 0 0 0 0 4 13 13 4 13 
16 3 0 16 0 4 0 13 13 0 0 4 0 0 4 0 
0 3 13 0 0 4 0 17 5 13 13 0 16 13 4 0 
0 0 0 0 2 11 0 13 4 0 0 0 0 0 20 16 
