18 18
18 2 2 2 0 0 0 13 0 0 0 0 3 0 0 13 0 0 
0 0 0 0 17 1 1 0 0 0 0 1 6 0 0 1 5 0 
0 0 4 0 0 0 13 0 0 0 0 0 0 0 0 13 4 16 
0 0 4 0 0 0 0 0 16 16 0 0 0 0 13 0 0 13 
0 0 4 0 0 0 0 3 0 16 0 17 1 1 0 1 1 17 
0 13 0 0 13 0 13 3 13 16 0 0 0 0 16 0 0 0 
0 0 0 0 0 16 0 3 16 0 16 0 0 4 0 0 0 16 
16 0 0 0 0 16 16 3 16 16 16 16 0 12 1 0 0 0 
2 9 0 0 16 16 0 3 0 16 16 0 0 0 0 0 0 0 
0 3 0 13 0 1 17 6 16 16 0 0 16 0 20 0 0 0 
0 0 0 0 0 16 16 0 0 0 1 1 1 0 4 0 0 0 
0 0 20 0 0 16 0 16 0 0 0 0 0 0 4 0 0 0 
0 3 12 1 16 13 0 16 0 13 1 1 1 1 1 17 1 1 
0 3 0 13 0 16 16 0 0 0 13 16 0 0 0 16 0 16 
16 3 0 0 13 0 0 0 0 0 0 16 3 0 16 0 13 0 
13 3 16 1 1 1 1 1 1 17 0 0 3 0 1 1 1 0 
0 0 16 13 0 16 0 0 0 0 0 16 3 0 0 13 16 16 
0 0 16 2 2 2 0 0 0 0 0 0 3 0 0 0 0 0 
