17 17
13 2 2 2 2 2 2 0 0 0 19 0 0 0 0 0 0 
16 0 0 0 13 0 0 13 13 0 8 2 0 2 2 18 13 
16 16 0 0 16 0 0 17 1 17 0 0 0 16 0 0 0 
16 0 13 0 1 1 1 0 0 0 0 0 0 0 0 0 16 
0 0 0 16 0 0 0 0 0 0 0 0 0 16 16 0 20 
16 13 0 0 0 0 0 0 0 13 0 4 3 0 13 13 4 
2 2 2 0 0 0 0 0 16 0 0 4 3 0 0 0 4 
13 0 16 0 13 0 17 1 17 0 0 28 6 0 0 0 0 
0 0 16 13 0 13 0 0 16 16 0 0 16 0 0 0 16 
0 4 0 0 3 0 0 0 0 0 0 0 0 0 0 0 0 
13 12 17 0 3 0 2 2 2 0 16 0 0 16 0 16 13 
0 0 0 0 3 0 0 0 0 0 0 17 1 1 0 0 0 
2 9 13 13 0 13 0 0 0 16 16 0 0 0 16 0 0 
0 3 0 0 0 0 0 13 0 0 0 0 0 0 0 0 0 
0 0 0 0 13 13 16 0 0 13 0 2 2 18 2 2 2 
0 0 0 13 16 0 2 2 2 2 0 0 13 0 13 0 13 
0 1 17 1 1 1 13 0 0 0 13 0 0 16 0 13 0 
