18 18
0 16 0 0 0 13 0 0 0 16 0 0 13 0 16 3 0 0 
0 16 0 0 0 0 0 0 0 1 1 1 0 0 0 8 2 0 
0 16 0 0 0 0 0 0 16 13 0 0 0 4 0 0 13 0 
16 16 0 2 2 9 16 16 16 0 0 0 0 4 0 16 0 0 
0 0 0 0 0 3 0 0 13 0 0 16 16 4 0 0 0 0 
3 0 0 0 16 3 0 0 0 1 1 1 1 5 0 16 0 0 
3 0 0 0 16 19 0 0 4 0 0 0 0 12 1 1 1 1 
3 0 0 7 2 3 13 0 4 0 0 13 0 0 0 0 0 0 
3 0 16 12 1 6 0 0 4 13 0 0 0 16 0 0 0 0 
13 0 0 0 0 0 0 0 0 0 0 0 0 16 0 13 0 13 
0 13 0 0 0 13 16 0 0 0 0 0 13 0 2 2 2 0 
16 16 0 0 1 1 1 0 4 0 0 0 0 0 16 0 0 0 
0 1 5 0 0 13 0 0 4 0 0 0 0 0 0 0 13 0 
0 0 20 0 16 0 13 16 4 0 1 1 1 0 0 1 1 1 
13 0 0 16 13 0 0 13 16 0 0 0 0 13 0 0 0 0 
0 13 0 0 0 0 0 4 13 0 0 4 0 0 4 13 0 0 
0 13 0 0 0 0 0 4 0 0 0 4 0 0 4 0 0 0 
2 2 2 0 13 0 0 20 0 0 0 4 0 0 4 0 0 0 
