16 16
0 0 0 0 0 13 1 5 16 2 2 2 0 0 0 0 
2 2 2 2 0 19 0 4 0 0 13 0 0 0 13 13 
0 0 0 13 0 3 0 0 0 0 0 0 0 16 16 13 
0 0 0 13 13 19 0 13 3 0 0 16 0 16 16 13 
0 2 2 2 0 0 0 13 3 0 0 0 0 0 16 0 
13 0 13 0 13 0 0 13 3 13 16 16 0 3 16 0 
3 0 13 4 0 0 16 0 0 0 0 0 0 3 13 0 
3 13 0 4 0 0 7 9 0 0 0 10 1 6 0 0 
3 13 16 20 0 0 4 8 2 9 0 3 0 0 3 0 
3 0 13 0 16 0 4 0 13 3 0 8 9 0 8 9 
0 1 5 0 16 0 4 13 0 16 0 16 24 2 0 3 
4 0 4 0 7 2 11 0 0 3 13 0 0 0 0 0 
4 0 4 0 4 0 16 0 0 3 13 0 0 0 13 13 
4 0 4 0 4 0 0 13 0 3 0 16 13 0 0 0 
4 0 4 0 4 0 13 0 13 16 0 13 18 2 2 0 
4 16 0 16 0 1 1 1 16 0 0 0 0 0 0 13 
