17 17
0 0 0 0 0 16 0 16 0 19 0 0 0 1 1 1 1 
13 0 0 0 0 0 16 16 0 3 0 13 0 0 0 0 16 
0 1 1 17 0 0 0 0 0 3 16 16 16 16 0 3 0 
0 0 0 0 16 0 0 16 0 3 16 0 0 0 0 3 0 
0 0 13 0 16 0 0 16 16 3 13 0 0 0 0 3 0 
0 16 2 2 2 13 0 13 13 8 18 16 16 0 0 19 13 
0 0 0 16 0 3 16 0 0 0 0 0 0 13 0 0 0 
0 0 0 13 13 3 0 0 0 0 13 13 0 0 1 5 16 
0 13 0 13 0 3 0 0 0 0 0 0 19 0 0 4 0 
0 0 0 0 13 0 13 16 16 0 0 0 8 2 0 0 0 
0 16 0 0 16 0 0 17 1 1 0 16 0 0 0 3 0 
0 10 5 0 0 0 0 16 0 16 0 13 13 0 0 3 16 
0 3 20 0 2 9 0 0 0 0 0 16 0 1 1 6 0 
0 0 0 0 0 3 0 16 16 13 0 4 0 0 0 0 0 
0 16 0 0 0 0 0 16 0 0 0 4 16 16 16 16 0 
0 0 3 16 0 0 0 13 16 16 0 4 0 16 0 0 0 
0 1 6 16 0 0 0 13 13 16 0 4 13 0 0 0 0 
