17 17
0 16 16 0 3 0 13 0 2 2 2 2 13 0 0 16 0 
0 0 16 0 3 0 0 16 0 0 0 0 0 18 2 2 2 
16 0 16 0 3 16 0 0 0 0 0 0 0 0 0 0 0 
16 0 0 16 0 16 0 0 16 0 0 0 0 0 16 0 0 
0 1 1 17 1 0 2 2 2 16 0 13 0 16 0 10 5 
0 0 0 0 0 0 0 0 13 0 3 0 0 0 0 3 4 
0 16 13 0 0 0 16 16 13 0 3 0 0 0 16 16 4 
0 16 0 0 0 0 0 0 0 16 3 16 0 16 16 0 0 
0 0 3 0 0 13 16 3 0 0 0 0 0 13 0 0 0 
13 13 3 0 16 16 0 8 2 0 13 4 18 2 18 9 16 
0 0 3 0 1 5 0 0 0 0 16 4 0 0 0 3 3 
0 0 3 0 2 11 0 16 13 16 16 4 0 13 16 0 3 
0 0 16 0 16 0 0 0 0 0 0 4 13 0 0 0 3 
4 0 0 0 0 13 3 0 0 0 0 4 0 13 0 13 0 
4 0 0 0 0 0 3 0 0 0 0 12 1 17 16 16 0 
4 0 2 2 2 0 3 0 16 2 2 2 0 0 16 0 0 
4 0 0 13 13 0 0 0 13 0 0 0 0 16 16 16 0 
