18 18
0 3 0 10 5 0 0 0 0 0 0 3 0 0 0 0 0 0 
0 8 2 3 12 5 0 0 0 0 0 8 2 0 13 16 16 0 
13 0 10 6 2 11 16 0 17 1 1 10 1 1 5 0 0 0 
0 0 3 0 0 0 13 0 0 0 16 3 13 13 20 0 0 0 
13 0 3 0 0 16 0 13 0 0 13 3 0 0 4 0 0 0 
16 0 3 0 0 2 2 2 16 1 1 6 0 0 4 13 0 0 
19 0 0 13 13 0 0 0 16 13 16 1 5 16 4 16 0 0 
3 13 0 13 0 0 0 0 0 0 0 13 4 0 4 16 16 0 
3 16 0 0 0 0 13 13 0 20 16 16 0 0 4 16 16 0 
13 0 16 16 16 0 7 2 2 11 0 0 13 0 4 0 13 0 
0 0 0 0 0 13 4 0 0 0 0 0 4 0 13 16 0 0 
0 20 0 16 0 16 4 0 0 0 0 0 4 0 13 13 0 0 
0 4 0 0 13 0 0 0 2 2 2 0 20 16 0 0 0 19 
0 20 13 0 0 0 0 0 16 0 0 0 0 0 0 13 0 3 
0 0 0 13 0 16 16 0 0 0 0 13 16 0 3 16 0 19 
0 16 16 1 1 21 16 16 0 2 2 18 0 0 3 0 0 16 
0 0 16 3 0 4 0 13 0 0 0 0 0 4 3 0 16 0 
0 0 16 8 2 11 0 0 0 0 0 13 16 12 6 0 13 0 
