15 15
0 0 0 0 0 0 0 3 0 0 3 16 0 3 16 
0 0 0 16 4 16 0 8 18 0 3 0 0 3 13 
0 13 0 0 4 0 0 0 0 0 3 0 0 3 0 
2 2 9 0 4 0 0 0 13 0 3 0 0 0 0 
0 0 8 2 2 0 0 0 13 0 0 13 1 1 1 
0 0 19 0 0 0 0 0 0 1 1 1 0 0 16 
1 1 6 0 0 0 4 16 0 0 0 16 13 0 0 
0 0 0 0 16 0 4 13 16 19 0 0 0 4 0 
0 0 16 13 16 0 4 0 0 8 2 0 0 12 1 
0 0 16 16 16 0 0 0 0 0 0 13 0 0 16 
0 3 0 16 0 0 26 1 0 0 16 4 0 0 0 
0 3 0 0 0 0 3 0 0 13 16 4 0 0 0 
0 19 0 0 0 16 8 2 2 9 0 4 0 16 0 
13 0 1 5 13 0 16 16 0 8 2 11 0 13 0 
0 0 13 4 0 0 0 0 16 16 13 16 2 2 2 
