17 17
0 0 16 0 13 1 1 1 5 13 0 0 0 0 0 0 0 
0 16 0 0 0 0 0 0 28 1 1 1 1 0 0 0 0 
13 1 1 1 16 0 2 9 0 0 13 0 0 0 0 0 0 
0 0 0 0 13 0 1 22 0 0 0 0 10 1 1 16 13 
0 0 0 16 7 2 2 2 2 0 0 16 3 13 0 13 13 
0 0 16 0 20 0 16 16 16 16 0 0 0 0 0 0 0 
0 16 7 2 11 0 0 0 0 0 0 0 0 0 16 0 0 
0 0 4 0 0 4 0 0 3 16 0 0 0 0 4 13 0 
16 16 0 16 0 4 0 0 3 0 0 0 13 0 12 1 16 
16 0 0 0 16 4 0 16 3 0 0 16 13 0 0 0 0 
16 0 0 0 0 0 0 0 0 10 1 1 13 16 0 13 0 
0 0 13 0 0 0 0 0 0 3 0 0 0 2 2 2 2 
0 0 13 0 0 2 9 0 0 3 0 0 0 0 0 16 0 
4 16 0 0 1 1 6 0 0 3 13 13 10 5 0 0 0 
4 0 13 0 0 0 0 0 0 1 1 1 6 4 13 13 0 
4 0 0 0 0 13 13 0 0 0 0 0 16 0 1 1 1 
0 0 0 0 13 16 2 2 2 0 0 0 16 13 0 0 0 
