17 17
0 1 5 0 0 0 13 0 0 0 17 1 1 1 1 16 16 
0 0 4 16 0 13 0 0 0 0 0 13 0 0 0 16 0 
0 0 0 0 0 17 1 1 0 16 0 13 0 0 0 0 16 
3 0 16 16 13 0 0 0 0 13 0 0 0 0 3 13 0 
3 13 13 0 0 0 0 0 0 4 0 1 5 0 8 2 0 
3 0 16 0 13 0 0 0 0 4 16 0 4 16 0 0 0 
3 0 0 0 0 0 0 0 13 4 0 0 0 0 0 0 13 
13 13 0 16 16 1 5 0 16 0 0 0 0 0 0 0 0 
0 4 0 0 2 2 11 0 13 0 0 0 0 0 0 3 0 
13 4 0 16 0 16 0 0 19 0 0 0 0 0 0 3 0 
16 4 0 16 16 0 0 0 3 0 0 16 16 0 0 19 0 
0 0 0 13 0 0 0 0 3 13 13 10 1 0 4 0 0 
2 2 2 2 2 4 0 13 0 0 0 24 2 2 11 0 0 
16 0 0 0 0 4 0 0 0 0 0 0 0 0 0 0 0 
0 0 13 16 0 4 0 4 0 0 0 0 3 0 0 0 4 
0 1 1 1 0 4 13 4 0 0 4 13 3 0 0 0 4 
0 0 0 0 0 4 0 4 0 0 12 1 6 16 13 0 4 
