18 18
0 3 0 1 5 0 0 0 13 16 2 9 16 0 3 0 0 19 
0 3 16 0 4 13 0 4 0 13 0 3 0 0 3 0 13 3 
16 3 0 0 4 0 0 28 5 0 1 6 0 0 3 0 0 19 
13 3 0 0 1 5 3 0 4 0 0 0 19 13 0 0 0 0 
13 3 0 0 0 12 6 0 0 0 0 0 3 0 0 0 0 0 
0 3 0 13 0 0 0 0 16 16 0 0 3 0 0 0 0 0 
2 2 2 0 0 0 2 2 2 2 0 1 1 1 1 17 0 0 
0 0 0 0 0 0 0 0 0 13 0 0 0 0 13 13 0 19 
0 0 0 0 16 0 13 0 0 0 0 0 4 0 0 0 13 3 
0 0 0 0 10 1 1 17 0 0 0 0 12 1 1 0 0 3 
16 0 13 0 3 16 4 0 0 0 0 0 0 0 0 0 13 13 
16 0 0 0 8 2 11 0 13 13 0 0 0 16 2 2 2 0 
2 2 18 0 0 0 13 0 0 13 2 2 9 4 0 0 0 0 
0 0 0 0 0 16 13 0 13 16 0 13 8 11 0 17 5 16 
10 1 1 17 1 5 0 0 13 16 13 0 13 13 0 13 4 0 
3 0 0 13 16 4 0 0 16 0 0 16 0 0 0 13 0 0 
0 0 0 0 16 4 0 0 0 2 2 2 2 2 0 13 16 0 
13 0 0 0 16 20 0 0 0 13 0 0 0 0 1 1 1 16 
