18 18
0 0 0 0 0 0 0 13 0 1 1 1 1 0 16 0 0 0 
0 0 4 0 0 20 13 13 0 0 13 0 13 0 0 13 13 13 
4 0 4 0 0 4 0 0 0 0 2 2 18 0 0 16 0 0 
4 0 4 0 13 20 16 0 16 4 0 0 0 13 0 16 0 0 
4 0 0 16 7 2 2 0 16 12 1 1 16 0 0 0 0 16 
0 0 13 13 4 0 0 0 0 0 0 0 0 0 0 1 1 17 
13 3 16 0 4 16 2 9 16 0 0 0 16 16 0 0 0 0 
1 6 0 0 4 16 16 3 16 0 0 0 13 0 0 0 0 0 
0 0 0 0 4 0 0 8 2 2 2 2 2 2 2 2 13 0 
0 0 0 0 4 0 0 0 0 0 0 0 0 0 0 0 0 0 
0 0 16 0 4 0 0 0 16 0 0 13 16 0 0 0 0 0 
0 16 16 0 4 0 0 0 13 1 5 0 2 2 18 0 0 0 
13 0 0 0 0 0 0 0 0 7 11 16 0 13 0 7 2 0 
0 2 2 2 0 0 0 0 0 4 0 0 16 13 0 4 4 0 
16 0 0 1 1 1 1 1 5 13 0 0 0 4 13 0 4 0 
0 4 0 0 13 0 0 0 20 0 0 0 0 20 0 0 12 1 
0 4 0 0 0 0 0 13 4 0 0 0 0 4 0 0 0 0 
0 4 16 0 0 0 0 16 4 0 0 0 0 4 0 0 0 0 
