17 17
0 1 1 1 16 0 0 16 16 0 0 0 0 13 0 0 0 
0 0 16 13 0 16 0 16 3 0 0 16 4 0 13 0 4 
0 0 0 0 0 13 0 16 3 13 0 0 4 0 13 0 4 
0 1 1 1 13 0 0 0 3 0 16 0 4 0 0 0 4 
0 0 0 13 16 0 0 0 0 0 0 0 0 0 0 16 0 
0 0 0 16 16 0 0 16 0 0 0 16 13 0 0 0 0 
0 16 0 4 0 16 0 0 0 16 2 2 2 2 2 4 0 
0 0 3 12 1 1 5 0 3 0 0 0 0 13 0 4 0 
0 0 3 0 0 13 4 0 3 0 0 0 13 16 0 4 0 
0 0 3 16 0 0 4 0 8 2 2 2 2 2 2 4 0 
20 0 0 0 0 0 0 0 0 0 16 0 0 16 13 4 0 
4 0 0 0 0 0 16 16 0 0 0 0 0 0 0 20 0 
4 16 0 0 0 0 13 0 0 0 13 0 16 0 0 4 0 
16 0 0 4 0 0 0 0 0 4 16 0 0 23 2 11 0 
0 4 13 20 16 16 0 0 0 4 0 18 2 11 0 0 0 
0 4 0 12 5 13 0 13 13 4 0 0 0 13 0 0 16 
16 20 0 0 4 0 0 0 0 4 0 0 0 1 1 1 1 
