17 17
0 26 1 13 0 0 0 18 2 2 0 0 0 0 0 0 0 
0 3 13 0 10 1 0 0 0 0 0 0 13 0 13 0 0 
0 3 0 0 8 2 0 0 0 7 18 0 0 2 2 2 0 
0 0 0 16 13 0 0 0 0 20 0 0 0 0 0 16 0 
17 1 17 13 0 0 0 0 0 0 0 0 0 13 0 0 0 
0 7 2 2 2 2 2 2 2 2 0 0 0 2 2 2 0 
0 4 16 0 0 0 13 0 16 0 0 0 0 0 0 0 13 
0 4 0 0 13 0 1 1 1 0 4 16 0 0 0 0 4 
0 12 5 0 0 16 0 0 0 0 4 0 0 4 0 13 4 
0 16 4 0 0 0 0 0 16 16 4 0 0 4 0 16 4 
16 0 4 0 0 3 0 0 0 0 0 16 0 4 0 0 16 
0 0 4 0 0 8 2 2 2 16 0 0 0 13 0 0 0 
0 0 4 0 0 0 16 0 0 0 0 17 1 1 16 0 0 
2 2 11 16 16 0 0 0 0 13 0 16 0 0 0 13 0 
0 0 16 0 0 0 2 2 18 0 0 0 0 3 0 16 0 
0 0 0 13 0 4 0 13 16 13 0 16 0 3 0 13 0 
2 2 18 2 0 12 1 16 0 0 1 1 1 6 16 0 0 
