18 18
0 2 9 0 0 7 2 2 0 0 13 0 13 0 0 0 0 0 
16 0 3 0 0 4 0 0 0 1 1 17 0 0 1 1 1 1 
0 0 3 0 13 4 0 0 0 13 0 16 0 0 0 0 0 0 
16 0 0 0 16 20 0 0 0 16 0 13 0 4 0 0 0 0 
0 0 0 0 0 13 0 0 0 0 0 0 0 4 13 0 13 0 
7 2 2 2 2 2 0 0 13 0 3 0 0 4 0 13 2 25 
4 16 13 16 0 0 0 0 0 0 3 0 13 0 0 13 1 6 
4 0 0 0 0 0 16 0 0 0 8 2 9 2 2 9 13 0 
16 0 0 13 0 0 16 0 0 0 16 0 3 0 1 6 0 0 
0 0 0 10 17 0 0 0 0 16 0 0 13 7 2 2 2 0 
0 0 16 8 9 0 13 0 0 0 0 0 16 20 0 0 13 0 
16 0 0 13 3 0 16 0 16 16 0 0 0 4 0 0 3 0 
0 13 0 13 0 16 0 3 0 0 0 13 0 20 0 0 3 0 
0 0 13 0 0 0 0 3 0 0 2 2 2 0 0 0 3 0 
13 2 2 2 0 0 16 19 13 0 0 0 0 0 13 0 3 0 
0 16 0 0 0 16 0 3 0 0 0 0 0 0 0 0 13 0 
13 0 0 3 0 0 0 3 0 0 0 0 0 0 0 16 0 0 
0 0 0 8 2 0 0 16 18 2 2 0 0 2 2 2 0 0 
