16 16
0 0 0 0 0 0 0 16 3 0 0 0 3 0 0 4 
2 2 2 9 1 1 17 0 3 0 16 0 3 0 0 4 
0 0 0 3 0 0 0 0 3 0 0 0 8 2 0 4 
0 4 0 13 0 0 0 0 3 0 20 0 0 0 0 0 
2 11 0 0 0 2 2 2 3 0 4 0 1 5 0 0 
0 0 2 2 2 0 0 13 13 0 4 0 0 4 16 0 
0 0 0 0 0 7 2 0 0 0 16 0 0 4 0 0 
0 0 0 0 16 20 0 13 0 16 0 0 2 27 0 0 
16 0 0 16 13 0 16 4 0 0 0 20 0 0 0 0 
16 16 0 0 16 0 0 12 1 17 0 4 0 0 3 0 
0 0 13 13 0 16 0 0 0 16 0 4 16 0 3 0 
0 16 10 1 1 0 13 0 0 13 0 4 0 13 3 0 
0 0 3 0 0 0 0 4 2 2 2 4 0 0 0 0 
0 0 3 0 0 0 16 4 0 0 0 4 3 0 16 0 
0 13 0 0 0 13 0 4 0 16 0 12 6 13 16 0 
0 0 16 0 0 16 0 4 0 0 0 0 13 0 0 0 
