16 16
0 0 0 18 2 2 0 16 0 0 0 0 1 1 1 1 
0 0 16 0 0 0 0 0 0 16 0 0 0 0 13 0 
0 4 13 0 0 3 16 0 0 16 0 0 16 16 13 0 
0 4 0 0 0 3 0 2 2 2 2 2 2 2 2 0 
16 20 0 13 13 3 0 16 16 0 13 0 0 0 0 4 
0 0 0 16 19 13 0 16 0 16 16 13 0 0 0 4 
13 0 0 0 3 0 0 16 0 16 0 0 4 0 0 4 
0 0 0 0 3 0 0 13 2 9 0 0 12 1 0 0 
3 0 0 0 0 0 0 0 13 3 0 0 0 0 13 0 
3 16 4 0 13 0 0 0 0 19 0 0 0 0 0 0 
3 0 4 16 0 16 0 0 13 0 0 20 0 0 0 0 
13 0 4 16 0 1 1 1 0 0 0 4 0 0 0 16 
13 4 0 16 13 0 0 16 16 0 0 4 1 1 1 1 
2 11 0 0 0 0 0 0 0 0 0 4 0 16 0 0 
16 0 0 0 16 0 16 0 0 0 16 4 16 0 0 0 
0 0 0 0 2 2 2 16 0 0 0 0 0 13 0 0 
