16 16
13 0 13 0 0 0 0 3 0 0 10 1 16 0 0 0 
0 0 16 20 0 13 0 3 0 13 19 0 0 0 0 0 
0 16 0 4 0 0 0 3 13 0 0 0 0 0 16 16 
4 13 0 4 0 0 0 0 4 0 16 0 0 13 16 0 
4 0 13 12 1 1 0 0 12 1 17 0 0 0 0 0 
4 0 16 0 16 0 13 16 0 13 1 1 1 1 1 0 
16 0 16 16 13 0 13 0 0 0 0 0 0 0 0 0 
13 0 0 0 0 0 0 0 2 2 9 0 16 0 0 0 
13 0 0 0 0 0 0 0 0 0 3 0 16 0 0 0 
0 0 0 0 0 0 0 0 13 0 3 0 0 0 16 19 
0 1 1 17 10 1 0 7 2 0 0 0 13 0 0 3 
0 0 0 13 3 13 0 4 0 0 1 1 1 0 0 3 
16 0 0 0 3 0 0 0 0 0 0 13 13 0 0 16 
16 13 0 0 3 0 0 1 21 16 13 13 0 0 4 0 
2 2 18 0 0 0 0 0 4 0 2 2 2 0 4 13 
0 0 16 0 0 0 0 0 4 13 0 16 0 0 20 0 
