15 15
0 0 0 0 2 2 2 2 0 0 0 10 1 1 16 
1 5 0 0 0 0 0 0 13 0 0 3 0 0 0 
13 4 0 0 0 0 1 1 1 0 0 13 0 0 16 
0 4 0 10 1 1 0 0 0 0 10 1 1 0 0 
0 4 0 3 0 16 0 0 0 0 3 0 0 0 4 
0 4 0 0 0 0 0 0 16 16 0 0 0 0 4 
0 4 0 0 16 16 0 13 0 0 1 5 0 0 4 
0 0 13 0 0 16 0 4 0 0 0 4 0 0 0 
3 0 16 13 0 16 0 4 0 0 0 20 0 0 0 
3 0 0 16 0 3 0 4 0 0 0 4 0 0 0 
3 16 0 0 0 3 0 0 0 0 0 4 0 16 0 
0 13 0 0 0 3 0 0 16 0 16 0 0 0 3 
2 2 18 0 0 19 0 0 3 0 0 0 0 0 3 
16 0 0 0 0 0 16 0 8 2 2 0 0 0 3 
0 0 0 0 0 13 0 0 0 0 0 0 0 16 0 
