16 16
0 0 0 0 0 0 0 3 0 0 0 0 0 3 16 0 
0 0 16 0 0 0 0 3 0 0 0 0 0 3 16 0 
2 2 2 10 1 0 16 3 0 0 0 0 0 3 4 0 
0 0 0 3 0 0 0 0 0 0 0 0 0 16 4 0 
0 0 13 0 7 2 2 0 13 0 0 16 0 0 20 0 
0 0 0 0 12 1 0 0 0 1 1 1 0 0 4 13 
2 2 2 2 0 13 0 0 3 0 0 0 0 0 4 0 
13 0 0 0 16 0 0 0 3 0 13 16 0 13 4 0 
0 4 0 0 0 4 16 0 3 0 0 3 0 0 12 1 
2 11 0 0 0 4 16 0 0 0 0 3 0 0 0 0 
0 0 0 0 0 4 0 13 0 0 13 3 0 0 0 0 
1 17 1 1 0 16 0 16 16 0 16 0 0 13 16 0 
0 0 0 0 0 0 0 16 13 0 16 0 0 7 18 0 
20 0 0 0 4 0 0 0 16 7 2 16 0 4 13 0 
4 0 0 0 4 0 0 0 0 4 16 16 0 0 16 0 
4 0 0 0 4 0 0 0 0 4 0 16 0 0 0 0 
