16 16
3 0 16 0 0 13 0 0 0 0 13 4 0 3 0 13 
3 0 13 0 3 16 0 0 0 4 0 4 0 3 0 13 
3 0 0 0 3 16 16 0 13 4 0 4 0 19 0 0 
0 13 0 13 3 0 16 0 16 4 0 0 16 0 3 13 
0 0 16 0 0 16 13 0 0 0 0 0 0 0 3 0 
0 4 0 13 0 16 0 0 0 0 16 0 13 0 3 0 
0 4 0 0 16 10 1 1 1 1 0 0 0 16 3 0 
16 4 16 0 0 3 0 0 16 0 16 16 16 0 0 0 
16 16 0 0 1 6 0 0 0 0 16 0 16 16 0 0 
0 0 0 0 0 0 0 0 19 0 0 13 0 0 0 3 
0 0 0 0 0 0 16 0 3 0 0 2 9 13 0 3 
0 0 0 19 13 0 0 0 3 13 0 0 3 0 0 3 
0 0 10 6 13 0 0 0 3 0 0 0 3 0 13 13 
0 0 3 0 0 0 0 0 3 0 0 0 0 0 0 0 
0 0 0 0 2 2 2 2 2 2 2 0 16 0 0 13 
0 0 0 16 0 13 16 0 0 13 0 2 2 2 2 0 
