15 15
0 16 16 16 0 0 0 0 13 13 0 0 0 4 0 
0 16 0 0 0 4 0 0 0 0 7 9 0 4 0 
0 0 16 0 0 28 1 1 0 16 4 3 0 20 0 
3 0 0 0 16 0 0 0 0 0 4 3 0 4 0 
8 2 2 2 2 2 2 9 0 16 4 3 0 20 16 
0 0 0 16 0 0 16 3 0 0 0 0 0 0 0 
0 0 0 0 0 0 0 16 13 0 3 0 0 0 0 
0 0 0 0 13 18 2 2 0 0 3 0 3 0 0 
3 0 13 13 0 16 0 0 0 1 6 0 3 0 0 
8 2 0 0 0 0 16 13 0 0 0 0 3 0 4 
0 0 0 0 0 0 16 13 0 4 0 13 3 0 4 
16 0 0 0 0 0 0 0 0 4 0 0 3 0 4 
4 0 0 16 13 4 0 13 0 4 0 0 0 0 0 
4 0 0 16 0 4 0 16 0 0 0 0 0 0 0 
12 1 1 16 0 4 16 0 16 2 2 2 16 0 0 
