17 17
0 0 0 0 0 0 1 5 0 0 0 0 0 0 0 0 0 
0 0 0 16 16 0 0 4 0 16 16 0 0 0 0 0 0 
0 0 16 19 0 0 0 4 0 7 2 2 18 0 13 10 1 
0 0 0 8 2 16 0 0 0 4 0 0 0 0 0 3 13 
0 13 0 0 16 0 0 0 0 4 0 4 0 16 0 13 13 
0 0 0 0 13 3 4 16 13 0 0 4 0 4 0 0 0 
0 0 13 0 0 8 11 0 0 16 0 4 0 4 0 0 0 
0 2 2 2 0 16 0 0 0 0 0 0 0 4 0 0 0 
0 0 0 0 0 0 0 0 13 10 1 0 0 0 0 10 1 
10 1 1 0 16 0 0 0 0 3 0 0 0 0 0 3 0 
8 2 2 2 2 9 0 0 13 0 13 0 19 0 0 0 0 
0 0 16 1 1 6 0 0 13 0 0 0 8 2 2 2 2 
0 13 0 0 0 0 7 18 2 2 2 0 0 0 0 1 5 
0 0 0 0 0 0 20 0 0 0 0 0 0 0 0 13 4 
0 4 0 4 0 16 0 0 0 0 0 1 5 13 4 0 0 
2 11 0 4 13 0 0 0 0 0 13 0 4 16 4 0 0 
0 13 0 20 0 0 0 0 0 2 2 18 0 0 20 16 0 
