17 17
0 0 13 0 13 0 0 13 17 1 17 0 0 16 13 0 0 
0 4 16 3 0 16 0 0 7 2 2 2 9 2 2 2 0 
16 4 0 3 13 0 0 0 4 0 0 16 19 0 0 0 0 
0 12 1 6 0 0 0 0 12 5 0 0 3 0 4 0 16 
0 13 0 0 0 13 0 0 0 4 0 0 3 0 4 0 0 
13 0 0 0 0 1 1 5 0 0 0 13 3 0 4 0 13 
0 0 0 0 0 0 16 4 0 0 0 0 0 0 0 16 16 
19 16 0 0 0 0 16 0 0 0 0 1 1 1 0 16 0 
3 0 13 0 0 13 13 0 3 16 0 0 0 0 0 13 13 
8 2 2 9 0 16 0 0 3 0 0 0 0 0 0 0 0 
0 0 0 3 3 0 0 13 19 0 0 0 0 0 16 0 0 
0 0 13 0 3 0 1 5 3 0 0 0 1 1 1 1 17 
13 0 1 1 6 0 0 4 3 0 0 0 0 0 0 0 0 
13 0 0 13 0 0 0 0 3 0 0 0 1 1 1 13 16 
13 4 13 0 16 0 16 0 19 0 0 0 0 0 16 13 13 
0 4 0 0 0 13 0 0 0 0 0 0 0 0 0 0 0 
0 4 0 13 0 0 0 16 2 2 2 2 16 16 0 0 0 
