16 16
0 4 0 0 10 1 1 0 0 0 0 0 0 16 0 0 
0 4 0 0 3 0 0 0 0 1 1 1 1 1 0 13 
0 12 1 1 3 0 13 0 13 0 13 0 0 13 4 0 
0 0 0 0 3 13 0 0 0 0 0 0 0 0 4 0 
0 13 0 0 3 13 0 10 1 0 0 0 0 0 4 0 
3 0 16 0 13 0 1 6 0 4 16 0 0 0 0 0 
3 1 17 1 1 13 0 0 16 4 13 0 0 1 1 1 
3 0 0 16 0 13 3 0 0 4 0 0 0 0 0 0 
0 0 0 0 0 0 3 0 0 0 0 13 0 0 0 16 
0 0 0 0 0 0 3 0 0 26 1 17 0 17 1 1 
0 0 2 2 2 13 0 13 0 3 0 0 0 0 0 0 
0 0 13 0 0 0 0 4 0 0 0 0 0 0 16 0 
0 0 3 0 0 4 0 20 0 0 16 0 13 0 16 0 
13 0 3 0 0 4 0 4 13 0 16 0 0 13 16 16 
0 0 3 0 16 4 0 4 0 16 1 1 1 1 0 0 
0 0 0 0 0 0 16 0 16 0 0 0 0 0 16 0 
