17 17
0 0 18 2 2 16 13 0 3 16 13 16 0 2 9 0 0 
16 0 0 16 16 13 13 16 3 0 0 13 1 1 6 16 0 
0 16 16 0 0 13 0 10 6 0 0 0 0 0 0 0 3 
0 13 0 0 13 13 0 8 2 2 2 2 9 13 0 0 19 
0 13 0 0 0 0 16 0 0 16 0 0 3 0 0 0 3 
0 0 2 2 2 0 0 0 13 0 13 0 3 0 0 0 3 
0 0 13 13 0 13 0 0 4 13 0 0 3 0 0 13 3 
0 0 0 16 0 13 0 0 4 13 1 21 3 0 0 0 0 
0 0 0 13 2 2 2 2 4 16 0 4 0 0 0 0 0 
0 17 1 1 0 0 0 0 0 0 0 4 0 2 2 2 0 
0 0 0 0 0 13 0 7 2 13 0 0 0 0 0 0 0 
13 0 0 13 0 0 0 4 0 0 0 0 1 1 1 13 0 
0 17 5 0 0 0 0 0 0 0 0 0 0 16 0 0 0 
0 7 27 0 0 0 18 2 2 13 2 2 18 0 0 13 0 
16 4 0 0 0 0 0 0 0 13 0 13 0 0 1 1 5 
0 0 0 3 0 0 13 7 2 0 0 7 2 2 2 0 4 
0 0 1 6 0 0 16 4 13 13 16 12 1 0 0 0 0 
