18 18
18 2 2 13 0 0 0 0 0 0 0 16 7 2 0 13 16 0 
0 0 0 0 3 16 0 13 0 1 5 0 4 0 7 2 13 4 
0 0 13 1 6 13 19 16 13 16 4 0 0 0 4 0 0 4 
1 1 1 0 0 1 6 0 0 13 4 0 0 0 0 0 0 4 
0 0 0 0 0 0 0 0 0 0 12 1 5 0 0 13 0 16 
0 0 16 13 0 0 7 2 0 0 0 0 4 0 0 13 0 0 
0 0 0 0 0 0 12 1 0 0 0 0 4 0 0 0 0 0 
0 0 0 0 0 0 16 16 13 13 7 2 11 4 0 0 0 4 
0 0 16 3 16 0 0 0 0 16 12 1 5 4 0 13 0 4 
0 13 0 3 13 0 0 3 0 16 0 16 4 20 0 0 0 4 
4 0 16 3 0 0 0 3 0 13 0 0 4 0 16 0 0 4 
12 1 0 0 0 0 0 3 0 0 0 16 12 1 1 1 1 4 
0 0 0 0 18 2 2 0 0 13 0 16 16 16 0 0 0 4 
16 0 0 0 0 13 0 1 1 1 1 0 0 16 0 0 0 4 
4 0 13 13 16 0 0 0 0 13 16 0 0 13 0 0 13 4 
4 13 1 1 1 13 0 0 0 0 16 0 0 13 0 16 16 0 
4 0 13 0 0 17 1 1 13 0 13 10 5 16 16 0 0 0 
16 0 0 0 0 0 13 0 13 0 0 19 4 0 16 0 0 0 
