16 16
0 0 16 0 3 0 0 0 16 16 0 16 0 3 0 0 
0 0 16 0 8 2 2 9 0 0 16 16 0 3 0 0 
13 16 16 16 0 0 0 8 2 2 2 2 9 3 0 0 
0 16 0 0 13 13 0 0 0 1 1 1 3 0 0 0 
0 0 0 2 2 2 2 0 0 0 0 16 3 0 0 0 
4 0 0 16 0 0 0 13 16 0 1 1 22 16 16 0 
12 5 0 16 0 1 1 1 1 0 13 0 0 16 0 0 
0 4 0 0 0 0 0 0 0 0 13 0 0 13 0 0 
0 4 13 2 9 16 16 0 16 0 0 0 0 13 0 0 
0 4 0 0 3 0 0 0 0 16 0 0 0 0 0 0 
0 4 13 0 19 0 13 0 19 0 16 13 13 0 0 3 
0 4 0 13 3 13 0 16 3 16 0 16 16 0 0 3 
0 4 0 0 19 0 16 16 3 0 0 13 16 0 0 3 
0 4 0 0 3 0 0 16 3 0 16 16 13 0 0 3 
0 0 0 0 3 0 16 0 0 0 0 18 2 2 0 0 
0 0 0 0 3 0 0 16 0 16 0 0 0 0 0 0 
