15 15
0 0 0 0 13 0 0 3 13 13 0 0 0 0 0 
0 0 13 0 0 16 4 3 16 0 0 0 0 0 4 
19 16 0 0 19 0 12 6 0 16 0 0 2 2 11 
3 0 0 0 3 0 0 0 0 0 16 0 16 0 0 
3 0 0 16 3 0 0 2 9 0 0 0 0 0 0 
3 0 0 0 3 1 1 1 6 0 1 5 0 0 0 
0 3 1 1 6 0 0 0 0 0 16 12 1 1 1 
0 3 0 0 0 0 0 16 0 0 16 0 0 0 16 
0 3 0 0 0 0 0 16 0 16 0 0 0 0 0 
0 0 0 0 2 9 16 0 10 1 1 1 1 1 0 
0 0 0 16 0 3 0 0 3 0 16 0 0 0 13 
0 1 5 0 3 0 0 16 0 0 0 0 16 16 16 
0 0 4 0 8 2 16 0 0 16 0 13 0 0 0 
0 0 0 13 0 0 0 0 13 2 2 2 0 16 0 
0 0 0 0 0 16 2 2 2 2 0 0 16 16 0 
