17 17
2 2 18 0 0 0 3 1 1 1 1 5 0 0 0 0 0 
0 0 13 7 2 0 3 0 0 13 0 4 0 0 0 0 16 
0 0 18 11 13 1 22 0 0 16 0 4 0 16 26 5 16 
0 0 0 1 1 1 0 0 0 4 0 4 0 0 3 4 0 
0 0 0 0 0 0 0 0 0 4 0 4 0 0 3 4 0 
13 13 16 13 0 13 0 0 0 4 0 0 0 0 0 20 0 
16 0 2 9 0 0 13 4 0 4 0 0 0 0 13 0 0 
0 19 0 19 0 0 0 4 16 0 16 0 0 0 0 16 0 
0 3 13 0 0 13 0 4 16 0 0 0 0 0 0 16 0 
0 24 2 2 2 2 0 4 0 0 0 13 0 0 13 0 0 
0 0 0 16 3 13 0 4 0 0 0 0 0 0 0 3 16 
0 19 0 0 19 0 0 0 0 0 0 19 0 0 0 3 0 
0 3 13 0 3 0 0 0 0 0 0 3 0 0 0 3 0 
0 3 13 0 19 13 0 1 1 1 0 3 0 0 0 0 0 
16 0 0 0 0 16 0 0 0 0 0 3 0 0 4 0 0 
18 2 2 13 16 13 0 16 0 0 0 3 13 0 4 0 0 
0 0 0 0 0 0 0 0 18 2 2 16 0 0 4 0 13 
