18 18
0 0 0 0 19 0 13 0 0 0 16 18 2 2 0 0 0 0 
13 0 0 0 3 0 13 0 3 0 16 16 0 0 16 0 0 0 
0 19 13 0 3 0 0 1 6 0 0 16 13 0 13 0 0 0 
13 3 0 0 0 0 0 13 0 0 16 0 18 2 2 0 0 0 
0 24 2 0 7 2 2 2 13 0 4 0 16 0 13 0 0 3 
0 0 0 0 4 13 0 0 0 2 11 0 0 20 0 0 13 3 
13 13 0 0 16 0 16 13 0 0 0 0 0 4 0 0 0 19 
4 0 13 0 0 0 16 3 0 0 0 0 0 4 0 0 13 0 
4 0 0 0 0 0 0 3 0 0 0 13 13 0 0 0 0 0 
4 0 16 0 3 0 0 3 0 4 0 1 1 17 0 17 1 17 
20 0 0 0 3 0 0 3 0 4 0 0 13 0 0 0 0 16 
1 5 13 0 3 16 0 3 0 20 0 0 1 1 17 1 1 0 
13 4 0 13 0 0 16 16 0 13 4 0 0 0 0 0 16 13 
13 4 0 16 0 16 26 1 16 0 4 13 0 0 0 0 0 0 
0 4 0 0 3 0 8 2 0 13 4 16 0 0 0 16 3 13 
0 0 0 0 8 18 16 0 0 0 13 0 0 20 0 0 3 0 
0 16 0 2 2 2 9 0 7 2 2 0 13 4 0 0 3 0 
0 0 0 13 0 0 8 2 11 0 0 0 0 4 16 0 3 0 
