15 15
0 16 0 0 0 0 0 0 1 1 1 16 0 0 0 
10 1 0 0 0 0 0 0 0 0 16 0 13 0 0 
3 13 0 16 0 0 13 16 16 13 13 0 0 16 3 
16 0 0 0 0 0 16 16 4 0 0 0 0 0 3 
10 1 1 0 0 16 0 0 28 1 1 0 0 0 3 
3 16 0 0 0 0 16 0 0 0 0 0 0 0 0 
0 0 0 0 16 16 0 0 0 0 0 16 16 0 0 
0 0 0 0 13 0 16 13 13 16 16 0 13 3 20 
7 2 0 0 0 0 0 16 16 16 0 4 0 8 11 
20 0 0 10 17 16 0 0 0 16 0 4 16 16 13 
0 0 0 19 0 0 0 4 0 0 13 4 0 0 0 
0 0 0 0 0 0 0 4 0 0 16 4 0 16 19 
0 16 13 0 0 4 13 4 0 0 0 4 0 0 3 
16 2 2 2 2 11 16 4 0 0 0 4 0 0 3 
13 0 0 13 0 0 0 20 0 0 16 0 0 0 0 
