15 15
16 0 0 0 19 0 0 0 7 18 0 0 1 1 1 
3 0 0 17 6 16 0 16 12 1 0 13 0 0 16 
3 13 13 0 0 13 0 0 0 0 0 2 2 2 13 
3 0 16 0 16 16 0 0 0 16 0 0 0 0 0 
0 0 0 2 2 2 2 2 0 13 2 2 2 0 4 
0 0 0 0 0 0 0 0 0 16 16 0 0 13 4 
2 2 2 13 13 0 0 0 0 0 0 4 0 0 4 
0 0 0 0 0 0 0 0 0 0 0 4 0 0 4 
0 0 0 0 0 16 2 2 2 0 0 4 16 0 4 
13 0 7 2 0 0 0 0 0 0 0 0 0 13 0 
0 0 20 0 0 3 0 13 0 0 0 0 0 0 0 
0 0 0 13 16 3 0 13 0 0 0 0 0 0 0 
20 0 4 0 0 3 0 0 0 1 1 1 0 0 16 
12 1 12 1 0 16 0 13 13 0 0 0 0 0 16 
0 0 0 0 0 13 0 1 1 1 1 1 1 1 17 
