16 16
7 2 2 0 0 0 16 7 2 0 13 0 16 0 16 0 
4 0 13 13 0 0 16 4 13 0 0 0 0 0 4 13 
7 2 2 2 2 0 0 0 0 0 16 0 0 0 4 16 
12 1 16 0 0 0 0 16 1 5 16 13 0 0 4 0 
13 0 0 0 3 0 16 0 0 4 0 0 16 0 0 16 
0 0 13 0 3 0 0 3 0 0 0 0 2 2 9 0 
13 0 13 0 19 16 0 3 0 0 16 0 0 16 3 0 
0 0 4 0 0 0 16 3 0 0 13 19 0 1 1 1 
0 0 4 0 16 13 13 13 7 2 0 3 0 0 0 0 
0 0 20 0 2 2 2 0 4 0 13 3 13 0 0 0 
0 0 0 16 0 0 0 13 4 0 0 0 13 0 0 0 
13 1 1 1 13 13 0 16 4 0 0 0 0 0 0 19 
0 0 0 0 16 0 0 0 20 0 0 13 16 0 0 3 
4 0 0 0 0 0 16 16 12 5 0 0 16 16 0 3 
4 0 0 0 19 0 0 0 0 4 0 16 16 0 0 3 
20 0 16 0 8 2 0 13 0 4 0 0 16 16 13 0 
