16 16
0 0 0 0 0 16 0 13 0 7 2 0 13 0 0 0 
16 0 13 0 0 16 16 0 0 4 0 0 0 16 0 0 
16 16 0 0 0 1 5 0 0 4 0 1 1 17 1 17 
3 0 0 16 16 0 4 0 16 4 13 0 0 0 0 0 
3 0 0 16 0 16 4 0 16 4 0 0 16 0 16 0 
3 13 13 0 0 0 20 0 16 0 0 0 0 16 0 0 
24 2 0 13 0 0 0 16 0 0 13 7 2 2 13 0 
0 0 0 0 13 0 0 2 2 18 0 4 0 0 0 0 
0 0 0 16 2 2 2 2 0 13 0 4 0 0 16 0 
0 0 16 0 0 0 0 16 0 0 0 16 13 16 13 0 
0 13 16 16 0 0 0 1 1 17 0 0 0 0 0 0 
3 16 0 3 0 13 0 0 0 0 0 3 0 0 4 0 
3 0 0 3 0 0 0 13 0 1 1 6 0 0 12 1 
19 0 13 19 0 0 0 1 1 17 0 0 0 4 0 0 
3 0 0 16 16 0 0 0 0 16 0 0 13 4 0 0 
0 0 0 0 16 16 0 0 0 0 0 0 0 4 0 0 
