15 15
0 0 0 16 0 0 0 0 0 0 16 3 0 0 0 
0 0 0 2 9 0 0 1 1 1 13 8 18 0 0 
0 0 0 0 3 0 13 0 13 16 0 0 13 0 0 
16 0 20 0 0 0 1 1 1 0 0 13 0 20 0 
3 0 4 0 0 0 0 0 0 0 4 16 0 4 13 
3 13 4 16 0 0 3 16 0 0 4 0 0 4 16 
3 0 0 0 0 0 3 0 0 0 20 0 0 0 0 
3 0 0 0 17 1 6 13 0 0 0 0 16 0 0 
19 0 0 0 13 0 16 16 13 0 0 0 16 0 4 
0 10 1 0 0 0 0 13 0 0 2 2 18 0 4 
0 3 0 0 7 2 16 0 0 0 0 0 0 0 4 
13 0 0 0 4 0 10 1 0 0 16 16 0 13 0 
0 0 0 16 13 0 3 0 16 0 16 0 0 0 16 
16 0 16 0 0 0 0 0 13 0 0 16 0 0 0 
2 2 18 0 0 0 0 0 1 1 1 1 0 0 0 
