18 18
0 0 0 0 2 2 2 2 0 1 5 13 13 0 0 0 20 0 
0 3 0 0 0 0 0 13 0 7 11 0 13 0 13 0 4 0 
16 3 4 0 0 0 0 0 0 4 0 0 0 0 16 16 4 0 
4 8 11 0 0 1 1 1 0 4 0 0 0 0 0 0 0 0 
12 1 0 0 0 0 0 0 16 12 1 1 1 0 0 0 13 0 
0 0 0 0 13 13 0 0 0 0 0 13 16 16 13 17 1 1 
0 0 16 2 2 18 16 13 16 0 3 0 0 0 13 7 2 16 
0 13 0 0 0 0 0 13 0 0 3 0 0 0 0 4 0 13 
16 3 0 0 13 0 17 1 1 13 19 0 0 0 0 4 0 0 
0 3 0 13 0 0 13 0 16 0 0 0 0 0 13 4 0 0 
0 3 0 16 0 2 2 18 0 0 0 0 13 0 0 0 0 0 
0 0 0 0 0 0 0 13 0 0 0 0 10 21 0 0 0 0 
0 0 13 3 1 17 5 0 0 1 1 1 6 4 0 0 20 0 
13 0 1 6 0 0 4 16 0 0 13 0 0 4 0 13 4 0 
0 0 0 0 0 16 0 0 0 0 0 0 0 0 0 0 4 0 
0 0 0 20 13 16 16 0 16 13 0 0 1 1 17 0 0 13 
0 0 0 4 0 0 0 7 2 2 2 0 0 0 0 0 0 0 
0 16 0 4 0 0 2 11 16 16 0 0 13 0 0 13 0 0 
