18 18
0 0 0 16 16 0 13 1 1 1 0 0 0 16 0 0 0 13 
0 0 13 16 3 0 0 16 0 0 13 1 1 1 0 16 23 9 
1 1 1 0 8 2 0 0 0 16 0 0 13 0 0 0 4 3 
0 0 0 0 0 0 0 0 0 0 0 0 13 16 0 0 4 0 
0 0 0 0 0 13 0 0 1 1 1 0 0 0 0 0 4 0 
2 2 2 0 0 0 0 0 0 0 0 0 0 0 0 0 4 16 
7 2 2 2 2 2 9 0 0 0 13 16 0 0 0 0 4 16 
20 16 0 0 0 0 8 2 2 2 2 0 17 1 1 13 16 0 
0 16 0 3 0 0 0 0 16 0 0 0 0 0 0 0 13 0 
0 0 0 3 0 13 0 16 16 0 0 0 0 16 0 0 0 13 
0 0 13 8 18 0 13 0 3 0 13 0 0 13 0 4 0 0 
0 0 0 13 16 0 0 16 3 0 0 0 0 18 2 11 0 0 
0 0 0 0 0 0 13 0 8 2 2 2 0 0 13 0 0 0 
1 1 1 0 13 0 0 0 0 0 0 16 0 0 0 3 0 16 
0 0 0 3 0 16 0 0 1 5 0 0 7 2 0 3 16 16 
0 16 26 6 0 0 16 0 0 4 0 0 20 0 13 3 0 16 
0 0 8 2 13 0 16 0 0 0 0 13 4 0 0 3 0 0 
0 0 0 0 0 0 2 2 2 2 0 0 12 1 0 0 0 13 
