16 16
0 16 16 16 3 0 0 16 16 0 0 16 3 0 4 0 
0 16 16 16 3 16 0 16 4 13 13 16 3 13 4 13 
0 0 0 0 8 2 2 2 11 4 0 0 3 0 4 0 
0 0 3 0 13 0 0 13 0 12 1 0 19 0 0 0 
0 17 6 0 0 16 0 0 0 0 0 0 16 16 0 3 
0 0 0 16 13 2 2 2 2 2 2 18 2 13 0 3 
0 17 1 1 0 0 0 0 0 0 0 16 16 0 13 19 
0 0 0 0 0 0 13 0 13 13 0 0 0 0 0 0 
2 2 2 0 0 0 0 0 0 0 0 0 3 0 13 0 
0 0 0 0 1 1 1 1 1 0 0 1 6 0 0 4 
0 0 13 13 13 0 0 13 13 0 0 0 0 0 0 4 
2 2 18 0 0 16 0 16 0 0 0 10 1 0 16 4 
0 0 4 0 1 1 1 1 13 0 0 3 0 0 0 16 
0 0 4 0 0 0 0 0 0 0 4 0 0 13 16 13 
0 7 11 0 0 0 0 16 0 16 4 0 0 13 16 0 
0 20 0 16 0 0 13 16 16 0 12 1 1 0 0 0 
