18 18
0 0 0 16 0 0 13 19 0 16 0 7 9 16 0 7 2 0 
16 0 0 2 2 2 0 3 0 0 0 4 3 0 0 20 0 0 
2 2 2 2 2 0 0 3 0 0 2 11 0 0 0 0 4 0 
0 13 0 16 3 0 0 0 0 0 0 0 0 0 0 0 4 0 
0 16 3 0 3 0 0 0 2 2 2 13 13 0 13 0 20 16 
0 4 3 0 3 0 0 0 16 13 0 0 0 0 0 0 0 13 
20 12 22 0 0 10 1 16 13 16 16 0 7 9 0 0 0 0 
4 0 0 0 0 3 0 0 0 0 16 0 4 3 0 16 16 0 
4 0 16 19 0 0 16 13 0 0 13 0 4 3 0 0 0 13 
0 13 0 3 0 0 0 0 0 0 0 0 20 3 0 0 0 4 
13 0 0 3 0 0 3 0 16 16 16 0 0 13 0 0 0 4 
13 0 0 0 0 0 3 0 13 0 0 0 0 19 0 0 16 4 
13 0 16 13 0 0 3 0 0 0 0 0 1 6 0 0 0 0 
16 16 3 7 2 2 13 0 0 13 0 0 0 0 16 0 16 0 
0 0 3 4 13 0 0 0 0 13 16 0 0 0 16 0 0 3 
4 0 8 27 13 0 0 16 0 0 17 1 1 0 0 0 0 3 
4 0 0 0 0 18 2 2 2 0 13 3 13 0 16 16 0 3 
4 0 0 0 0 16 0 0 13 1 1 6 0 13 13 13 0 0 
