15 15
3 0 0 0 0 0 0 2 2 2 2 2 0 0 0 
3 0 0 0 0 16 0 0 0 13 0 0 13 0 0 
3 0 0 16 0 16 16 0 0 0 13 0 0 16 0 
0 0 0 16 0 0 0 0 16 10 1 1 0 10 1 
2 2 2 0 3 0 0 0 0 3 16 0 0 3 13 
0 0 0 0 3 16 0 13 1 22 0 0 0 16 0 
0 16 0 0 19 0 0 0 0 0 0 0 13 13 0 
10 1 0 16 0 0 0 0 13 0 13 16 0 0 0 
3 0 0 0 0 0 0 13 16 0 0 2 2 2 0 
3 13 0 0 0 2 2 2 0 13 0 0 13 0 13 
3 0 0 0 0 16 0 13 0 0 1 1 17 0 0 
0 0 0 0 16 13 0 0 13 13 0 0 0 0 0 
0 18 2 2 0 0 0 0 0 4 0 13 13 0 16 
13 0 13 0 0 0 3 0 0 4 0 0 1 1 1 
0 13 0 0 17 1 6 0 0 4 13 0 0 0 0 
