16 16
0 0 2 2 2 2 0 0 16 16 0 0 0 13 0 13 
0 0 0 0 0 0 0 0 0 0 0 16 16 0 0 16 
4 0 0 0 16 16 16 16 0 0 16 16 0 3 0 0 
4 0 0 13 0 0 0 0 2 2 2 2 2 3 0 0 
4 0 16 0 16 0 0 0 0 0 0 0 0 3 0 0 
16 0 2 9 2 9 0 16 0 0 2 9 0 0 16 0 
13 4 0 3 0 19 13 0 0 0 13 3 0 0 0 0 
0 4 13 0 13 0 0 0 3 0 0 0 4 0 0 0 
0 4 0 0 0 0 0 0 3 0 0 0 12 1 1 5 
10 1 1 1 17 1 1 0 3 13 13 0 0 0 0 4 
3 0 0 13 16 0 0 0 13 0 0 1 1 1 0 0 
0 0 0 13 0 0 0 0 7 2 0 0 0 0 0 0 
0 0 0 0 0 16 0 0 4 0 0 0 0 0 19 13 
2 2 2 0 0 3 0 13 16 0 0 0 0 0 3 0 
0 0 0 0 0 8 2 16 0 0 1 1 1 13 3 0 
2 2 2 2 2 0 0 0 0 13 0 0 16 0 3 0 
