15 15
2 2 2 9 13 0 16 3 16 0 0 0 0 13 0 
0 0 0 3 0 0 16 3 0 0 13 0 1 1 1 
16 10 1 1 1 1 1 6 0 0 0 0 0 0 0 
0 3 0 0 0 0 0 0 16 0 0 0 0 0 13 
0 0 0 13 0 0 0 0 0 0 0 16 13 13 0 
0 0 0 16 0 0 0 0 0 0 0 2 2 18 0 
0 16 16 0 0 16 16 0 3 0 16 0 0 0 0 
0 16 13 0 0 16 0 0 3 0 0 13 13 16 0 
0 0 0 0 19 0 13 0 3 0 0 0 0 13 3 
0 13 0 16 3 0 0 0 3 0 0 0 0 13 3 
0 0 0 0 3 16 16 0 10 1 1 21 16 0 19 
16 0 0 16 0 0 13 0 3 0 0 4 0 0 0 
2 9 0 0 16 0 13 0 3 0 13 4 0 7 2 
0 8 2 0 0 0 0 0 8 2 0 4 18 11 13 
0 0 0 1 1 1 0 13 13 0 0 0 16 0 0 
