16 16
0 4 0 0 13 0 0 16 3 0 0 0 1 1 1 1 
0 4 0 16 0 19 0 0 8 9 16 0 13 0 0 16 
0 4 0 16 0 8 2 16 16 3 0 13 0 0 13 16 
0 0 0 0 0 0 0 0 0 13 13 1 5 0 0 0 
0 16 0 0 0 0 16 16 16 0 0 0 4 0 0 0 
0 0 1 1 1 1 1 5 0 0 0 0 4 0 13 0 
0 0 0 0 0 0 2 11 0 0 16 13 4 0 10 17 
0 4 13 16 0 4 0 0 0 0 13 0 4 0 19 0 
0 4 2 2 2 11 13 0 0 0 4 13 0 0 3 0 
0 12 1 1 0 0 0 0 0 0 4 13 13 0 13 0 
16 0 0 7 2 0 0 0 16 0 4 1 1 1 5 0 
0 0 0 4 0 0 0 0 0 0 0 0 0 0 4 0 
0 0 0 0 2 2 2 0 0 13 0 7 18 0 0 0 
0 0 3 0 0 0 0 0 0 0 2 11 0 0 0 0 
0 16 3 0 0 0 0 0 16 0 0 13 0 0 13 16 
0 0 3 16 0 0 1 1 1 0 0 0 0 1 1 1 
