18 18
0 16 13 3 16 0 0 0 13 0 0 13 0 0 17 1 17 0 
19 0 17 6 0 0 13 1 1 1 0 0 0 0 0 0 16 0 
3 0 13 0 0 1 5 0 0 13 10 1 0 0 0 0 0 0 
8 2 0 0 0 0 12 1 1 1 6 0 0 0 0 0 0 0 
0 0 0 16 0 0 0 0 0 16 0 0 0 0 0 10 1 1 
0 16 16 7 2 0 0 13 0 0 0 0 13 1 1 6 0 0 
0 16 0 4 0 0 0 1 1 1 0 20 0 0 0 3 0 13 
0 0 0 0 0 0 0 0 13 0 0 4 0 0 0 3 0 13 
19 16 0 0 0 0 16 13 0 0 0 4 0 0 0 3 0 0 
3 0 17 1 17 13 16 16 16 0 0 0 0 0 13 13 0 0 
3 4 16 0 13 0 0 7 2 13 16 0 0 16 0 0 0 3 
0 4 0 0 0 0 0 4 13 0 2 2 2 9 0 13 0 3 
0 20 0 0 4 0 2 11 0 0 0 0 0 3 13 16 0 19 
2 11 16 2 11 0 13 0 0 16 0 0 0 8 2 2 2 0 
0 0 0 0 0 16 0 16 0 13 0 4 0 0 0 0 0 13 
0 16 0 16 0 0 0 16 0 3 0 4 0 0 0 0 0 16 
0 16 0 16 0 16 0 0 0 3 13 4 0 0 0 0 0 0 
16 2 2 2 2 2 0 0 0 19 0 0 0 0 0 17 1 1 
