18 18
0 3 13 0 0 0 0 0 16 0 0 7 9 0 13 0 3 0 
0 8 2 2 2 2 2 0 0 0 0 4 3 0 16 0 3 13 
0 0 0 0 0 0 16 10 1 0 0 16 3 0 16 0 3 16 
0 0 13 1 1 1 1 6 0 0 0 0 3 0 16 0 0 0 
0 0 0 0 0 0 0 0 2 2 2 2 0 0 3 13 0 4 
16 0 0 16 0 13 0 0 0 0 0 0 0 0 3 0 0 4 
2 9 0 16 0 0 0 0 16 0 0 0 0 0 3 13 2 11 
3 8 2 2 2 2 2 16 16 0 0 0 13 0 16 0 16 0 
8 2 18 0 0 0 0 0 0 0 0 17 5 0 0 0 0 0 
0 13 0 0 0 0 0 0 4 13 0 16 4 0 0 0 0 0 
0 2 2 18 0 13 0 13 4 0 0 0 4 0 13 1 1 1 
0 16 0 0 0 4 0 13 4 0 0 0 16 16 0 0 13 0 
0 13 0 0 0 4 0 13 0 0 13 0 16 0 0 0 0 16 
0 0 1 5 13 4 0 0 4 0 0 0 0 3 16 0 13 0 
0 13 0 4 16 16 0 13 12 1 0 0 0 3 13 17 1 1 
0 4 0 4 0 0 0 0 0 13 0 0 16 19 0 0 0 0 
0 4 0 4 13 0 1 1 1 0 7 18 0 0 1 1 1 0 
16 4 0 20 0 0 0 0 0 16 4 0 0 0 13 0 0 0 
