18 18
0 0 16 16 16 2 2 2 16 0 16 0 0 0 0 0 19 0 
0 0 0 4 0 0 0 0 0 0 0 0 0 0 0 1 6 0 
13 16 0 4 0 0 0 0 16 0 0 4 0 0 0 0 0 0 
0 0 2 11 0 0 16 16 16 16 13 4 13 1 1 1 0 0 
16 0 13 0 19 0 0 16 16 0 0 20 0 0 0 0 0 13 
16 3 0 0 8 18 0 16 0 0 13 0 0 4 16 0 0 0 
0 3 0 0 0 2 2 9 0 0 0 13 0 4 1 1 1 17 
0 19 16 0 0 16 0 3 0 0 0 0 16 4 0 0 0 0 
0 0 0 0 16 0 0 19 0 16 0 0 0 0 16 0 16 0 
10 1 1 17 0 16 16 0 0 2 2 2 2 0 0 0 20 0 
3 0 0 16 0 16 0 0 0 0 0 0 13 13 0 0 4 0 
13 0 0 0 0 16 0 0 16 0 0 0 0 13 16 0 4 0 
13 16 1 1 17 0 1 1 1 0 13 0 0 0 0 16 0 16 
16 0 0 0 0 0 0 0 0 3 0 0 0 4 13 0 0 16 
18 2 2 0 16 0 0 0 13 3 0 0 0 4 0 0 0 0 
0 0 0 0 0 16 1 21 0 3 0 0 0 4 1 5 0 0 
0 13 13 2 2 2 9 12 1 0 0 0 0 4 0 4 13 0 
13 0 0 16 0 1 6 13 0 0 13 0 13 13 16 4 0 0 
