15 15
0 13 13 0 16 3 0 0 4 0 0 0 0 0 0 
13 0 16 0 0 8 2 2 27 0 0 0 2 2 2 
0 0 0 0 16 0 0 16 0 0 16 0 0 0 0 
16 0 0 0 0 0 4 0 16 0 0 3 0 0 0 
3 0 0 0 0 0 4 0 0 0 0 3 0 0 16 
3 0 0 0 0 0 4 0 0 0 1 6 0 0 0 
19 0 0 0 0 0 0 13 7 2 0 0 0 10 5 
0 0 3 0 1 5 0 0 4 0 1 1 1 6 4 
0 0 3 13 0 4 0 0 0 16 0 0 0 0 0 
0 0 3 0 0 13 0 0 0 1 1 1 1 0 0 
0 0 0 13 0 0 16 0 0 0 16 16 0 0 20 
0 0 16 13 2 9 0 0 0 0 0 0 0 0 4 
4 0 0 0 0 3 0 0 0 16 0 16 16 0 4 
4 0 0 0 0 0 0 2 2 2 0 0 0 0 0 
4 0 0 0 0 0 0 16 16 0 13 0 0 0 0 
