16 16
0 13 16 16 0 16 1 1 1 0 16 0 16 0 0 0 
16 0 0 13 16 16 0 0 0 16 16 16 0 4 0 13 
4 0 0 13 0 0 19 16 0 0 0 0 0 4 4 16 
4 16 0 0 0 0 3 16 0 0 2 2 2 4 4 0 
4 0 4 0 0 0 19 0 0 0 0 0 0 4 4 16 
4 0 4 0 0 16 3 0 0 0 0 0 0 4 0 16 
4 0 4 0 0 0 19 0 0 23 9 0 0 4 0 13 
20 0 4 13 13 0 16 13 0 4 3 0 0 4 0 0 
0 0 12 1 21 0 0 0 4 0 0 16 7 11 0 0 
0 16 16 0 4 0 0 2 11 0 0 13 4 2 9 0 
0 0 0 0 12 1 1 13 0 16 13 0 4 0 3 0 
3 0 0 16 0 0 0 16 16 19 0 0 20 0 3 0 
3 0 0 0 0 4 13 13 0 8 2 2 11 0 13 0 
3 13 0 0 0 4 0 16 0 0 0 0 0 20 0 0 
0 0 0 0 0 4 0 0 0 0 0 0 0 4 0 0 
0 16 16 0 18 2 2 2 2 16 0 16 0 4 16 0 
