15 15
0 13 0 0 16 7 2 0 16 0 0 0 17 5 16 
0 0 16 16 0 4 0 0 16 0 0 0 0 20 0 
0 19 0 16 0 0 0 16 13 0 0 13 0 0 0 
0 3 0 0 0 0 13 0 19 16 16 0 0 0 3 
0 24 9 0 0 0 13 0 3 0 0 0 0 0 3 
0 0 3 0 4 0 0 0 3 0 16 0 0 1 6 
1 5 0 0 4 0 0 13 0 0 3 0 2 9 0 
0 20 16 0 4 1 1 1 1 1 6 0 13 19 0 
0 0 0 0 4 16 16 0 0 0 0 4 0 0 16 
0 16 16 2 11 0 13 0 0 0 0 4 2 2 2 
16 0 0 0 0 0 4 0 0 0 7 11 0 0 0 
16 16 16 0 16 2 11 3 16 0 4 0 0 0 0 
10 1 1 1 0 13 0 3 4 0 4 0 0 0 16 
3 0 13 0 16 16 0 8 11 0 28 1 1 1 1 
0 0 0 16 16 0 13 0 16 0 0 0 0 0 16 
