18 18
0 0 0 0 2 2 2 2 0 0 0 0 13 0 0 0 0 16 
0 16 16 4 0 0 0 0 0 0 13 16 7 9 0 1 1 17 
16 13 16 4 0 0 0 0 4 0 0 0 4 3 0 0 0 0 
0 3 13 4 16 0 0 0 4 0 16 0 0 13 0 0 0 0 
0 3 0 0 16 0 0 0 4 16 0 0 0 0 0 16 0 0 
0 3 0 0 16 0 13 7 11 0 0 0 0 13 3 0 0 0 
0 16 0 0 0 0 0 4 16 16 0 16 13 0 3 0 4 3 
16 0 16 16 13 0 4 16 0 16 0 0 10 5 3 0 4 3 
16 4 0 16 0 0 4 0 0 13 0 0 3 12 6 0 12 6 
0 4 0 18 2 18 4 0 4 0 0 0 3 0 0 0 0 0 
0 4 16 0 0 16 4 13 4 0 0 16 3 0 0 1 1 1 
0 0 16 0 0 0 4 0 4 0 0 0 8 2 0 0 0 13 
0 0 0 0 2 2 11 16 0 0 13 0 0 0 16 0 4 0 
0 3 13 16 0 0 16 0 0 0 0 0 13 16 0 0 4 0 
13 3 0 0 0 13 13 0 0 1 1 17 0 0 0 0 4 13 
0 3 0 0 3 0 0 0 0 0 1 1 1 5 0 0 0 0 
13 0 1 1 6 13 0 0 0 0 0 3 0 4 0 13 0 0 
13 0 0 0 0 2 2 18 13 0 1 6 0 4 0 0 13 0 
