17 17
3 16 0 0 0 16 0 0 0 0 0 1 1 17 0 13 0 
3 0 0 13 0 13 13 13 0 0 4 0 13 0 0 4 13 
3 1 1 1 21 16 0 0 0 0 20 0 0 0 13 4 0 
3 13 0 16 4 0 2 2 18 0 4 0 0 0 0 4 0 
0 0 13 0 0 0 16 0 0 0 4 0 0 0 16 4 0 
13 2 2 2 0 0 0 0 0 16 20 13 16 3 0 0 13 
0 0 0 0 0 16 0 0 0 0 13 0 16 3 0 13 4 
18 2 2 0 0 16 0 0 0 0 0 0 0 3 0 0 4 
0 0 0 13 0 0 16 0 0 0 0 0 0 0 0 0 4 
0 0 0 16 10 1 16 0 0 0 0 13 13 0 0 0 0 
10 1 0 16 8 2 2 13 0 3 0 10 1 1 1 1 1 
3 0 16 16 16 0 0 13 0 3 0 3 13 0 0 16 16 
0 0 13 16 16 13 16 0 0 3 13 16 4 0 0 0 0 
0 0 0 0 0 3 16 16 0 13 4 0 4 0 0 0 0 
0 0 0 0 0 3 0 0 0 2 11 0 4 0 0 0 13 
0 1 1 1 0 3 0 0 0 0 0 0 0 0 0 0 0 
0 0 13 0 0 0 0 0 0 16 0 2 2 2 0 16 0 
