17 17
13 0 0 0 0 0 13 16 0 0 0 16 0 0 3 16 0 
0 0 1 5 0 0 0 1 17 1 5 13 16 1 6 16 16 
0 0 0 4 0 0 13 0 0 0 4 0 0 0 0 0 0 
2 2 18 0 0 0 1 1 1 0 0 16 16 0 10 1 1 
0 0 0 0 13 13 0 0 13 0 0 0 0 1 6 16 16 
16 0 3 0 7 2 0 0 0 3 0 0 0 16 0 13 16 
10 1 6 0 20 0 0 0 0 3 0 0 0 0 0 0 0 
3 0 0 13 0 0 0 16 0 3 16 0 0 0 1 1 17 
3 0 13 13 0 0 16 0 0 0 0 0 16 16 0 0 0 
0 0 13 0 10 1 5 0 0 0 0 0 0 0 16 0 0 
13 0 0 0 3 0 4 0 0 16 0 0 3 0 2 2 9 
13 13 16 0 3 0 20 0 0 0 13 0 3 13 0 0 3 
0 13 0 16 3 0 4 16 0 0 0 0 3 16 0 0 0 
0 0 13 0 3 0 4 13 0 0 0 1 22 0 0 0 0 
16 0 3 0 13 0 4 16 16 0 0 0 13 0 0 4 0 
13 0 3 0 0 0 0 0 16 13 0 13 0 0 0 12 1 
0 0 3 13 0 0 0 0 16 0 18 2 18 0 13 0 0 
