17 17
16 0 0 0 0 13 7 2 0 0 0 0 0 0 0 0 0 
16 7 2 16 0 0 20 0 0 0 0 0 20 0 16 0 13 
16 20 0 0 13 0 1 1 1 1 0 0 4 0 16 0 13 
0 0 0 2 2 2 0 0 0 0 13 0 4 0 0 0 4 
16 16 0 0 0 0 0 0 0 16 13 0 0 0 0 0 4 
18 9 0 4 13 0 0 0 0 2 2 2 0 0 16 16 4 
13 8 2 4 0 1 1 1 0 0 0 13 0 0 0 0 0 
0 0 0 4 0 0 0 0 16 0 2 2 18 16 0 0 0 
0 0 13 4 0 0 0 0 13 13 0 0 0 0 0 0 0 
0 3 0 0 0 16 0 13 13 0 0 16 3 0 0 4 0 
0 3 0 1 1 17 13 16 0 4 0 0 3 13 0 4 0 
0 3 13 16 0 13 13 0 0 4 0 0 3 0 16 4 0 
0 0 0 0 16 17 1 1 0 4 0 0 0 0 13 4 0 
17 1 1 0 0 0 0 0 0 0 0 13 0 0 0 4 0 
1 1 1 17 1 1 0 0 0 16 0 0 13 0 0 0 0 
0 0 0 13 16 0 0 0 0 18 2 18 0 0 0 0 0 
0 0 0 0 0 2 2 2 0 0 0 13 0 1 1 1 0 
