16 16
0 18 2 2 2 2 0 0 0 0 13 0 0 3 0 0 
0 16 0 16 13 0 0 0 0 4 0 0 13 3 0 0 
0 0 0 13 0 0 0 0 4 28 1 1 0 19 0 4 
0 0 0 0 0 0 16 3 12 1 1 1 1 6 0 4 
19 4 18 2 2 0 0 3 0 0 0 0 16 0 0 20 
3 4 0 0 0 0 16 3 10 1 1 1 0 0 13 0 
8 11 0 0 0 0 0 13 3 0 0 0 19 16 16 0 
0 0 1 1 1 21 0 13 3 0 0 0 3 0 0 0 
3 0 0 0 13 4 0 0 3 0 16 16 19 16 0 3 
3 0 0 0 16 4 0 4 3 0 0 0 3 13 0 19 
8 18 0 4 13 0 13 4 3 0 13 4 13 0 0 3 
0 0 0 4 13 13 0 4 13 0 16 4 0 16 0 19 
0 0 2 11 0 0 0 0 16 0 0 12 1 16 0 3 
0 13 4 0 0 16 0 2 2 2 0 0 0 0 0 0 
0 0 4 0 0 0 0 16 16 0 0 0 2 2 2 0 
0 0 12 1 16 0 0 0 16 0 0 0 0 0 0 0 
