18 18
16 1 1 1 0 0 0 0 0 13 1 1 1 0 0 0 13 0 
0 0 0 0 16 0 3 0 0 0 0 0 0 0 0 1 1 1 
0 16 16 0 0 0 8 2 2 2 0 0 0 0 0 0 4 16 
0 13 16 0 0 0 16 0 0 0 0 13 3 13 0 0 4 0 
10 1 1 5 0 0 0 16 0 0 0 0 3 0 16 13 4 16 
3 0 0 4 0 0 0 0 0 0 0 0 3 0 16 0 4 16 
3 0 16 20 16 13 0 0 0 0 0 0 0 0 16 13 0 13 
3 13 0 0 16 16 0 0 0 0 0 0 0 0 0 16 16 0 
0 16 0 0 0 16 16 13 16 16 1 1 17 16 0 0 13 0 
0 0 0 0 0 0 0 13 0 0 16 0 0 0 0 0 0 4 
13 0 0 0 13 0 0 16 0 0 0 0 3 0 0 2 2 11 
17 1 17 16 0 0 13 0 3 0 13 0 3 0 16 16 0 13 
16 0 0 0 4 0 0 16 8 18 13 0 3 0 16 0 0 0 
0 0 0 16 4 0 0 0 0 16 0 0 0 0 0 1 1 1 
3 0 0 0 4 13 0 0 0 0 0 0 0 0 0 16 0 16 
3 0 0 13 4 0 4 0 0 0 0 0 0 0 0 0 0 0 
19 0 0 16 16 0 4 0 13 16 1 1 1 5 0 0 0 0 
0 0 16 0 0 0 4 0 13 0 0 0 0 4 0 13 0 0 
