15 15
1 1 1 0 0 16 0 3 0 0 13 0 0 4 0 
0 0 13 0 13 0 0 3 0 0 0 20 0 4 0 
13 16 20 0 0 0 16 3 0 0 0 4 0 4 16 
0 0 4 0 0 0 0 0 0 0 0 4 16 0 0 
16 0 4 16 16 0 7 2 9 7 2 2 0 0 0 
0 0 0 0 0 16 12 1 3 4 13 0 0 0 0 
2 2 2 9 0 19 0 0 3 20 0 0 0 0 0 
0 0 0 3 17 6 0 0 0 16 0 0 0 0 0 
0 0 0 3 0 0 1 1 1 0 3 0 0 10 17 
0 0 0 0 0 4 0 0 0 13 3 0 0 3 13 
13 0 13 0 0 4 0 0 0 16 3 0 0 3 0 
4 0 0 2 2 11 0 0 0 0 0 0 1 1 1 
4 0 0 13 0 0 0 4 16 13 13 13 0 16 16 
4 0 0 0 0 0 0 4 0 17 5 0 0 16 0 
0 0 0 0 16 16 16 4 0 0 12 1 16 0 0 
