17 17
0 0 2 2 2 2 0 0 2 2 2 0 0 0 13 0 0 
16 0 0 0 0 16 0 0 0 0 0 0 0 0 0 0 0 
0 0 16 0 0 13 16 0 0 0 0 0 3 0 16 0 16 
0 0 0 0 13 16 0 0 0 16 4 0 3 0 1 1 1 
4 0 3 13 0 0 0 16 0 13 4 0 3 0 16 13 16 
12 1 22 0 0 16 0 16 0 0 4 0 13 0 0 0 16 
16 0 0 16 0 0 0 3 0 0 0 0 0 0 0 0 13 
0 4 0 0 13 0 13 3 16 0 0 13 0 16 0 0 13 
0 4 0 0 0 16 0 24 2 2 2 2 2 25 0 0 0 
18 11 10 17 0 0 0 0 0 0 0 0 0 3 0 0 0 
16 0 19 0 1 1 1 0 16 16 0 4 0 3 0 16 0 
0 0 0 0 0 0 0 0 4 0 0 4 0 3 0 0 13 
3 0 0 13 0 0 0 0 4 0 0 4 10 6 0 0 4 
3 0 0 16 0 0 0 16 20 0 16 0 3 0 16 0 4 
3 0 0 4 0 0 0 0 0 0 0 0 3 13 0 0 4 
13 0 0 4 0 0 0 13 17 1 1 1 6 0 0 0 4 
0 0 0 4 0 0 13 0 0 0 0 0 13 13 0 16 4 
