18 18
0 19 0 0 2 2 2 2 16 0 0 0 0 0 0 0 0 0 
0 3 0 0 0 0 0 0 0 0 13 0 0 0 0 1 1 1 
0 3 13 13 0 0 0 0 0 0 0 20 16 13 13 0 0 0 
0 3 0 19 10 1 17 5 0 0 16 4 0 3 0 0 0 0 
16 3 0 3 3 0 0 4 16 0 16 4 0 3 13 0 3 0 
16 0 0 3 0 0 0 4 0 0 16 0 0 3 0 0 3 0 
13 18 9 0 0 16 0 20 13 0 0 0 0 3 0 0 19 0 
0 0 3 0 0 13 0 13 0 16 16 0 0 3 0 0 13 0 
3 0 0 16 0 0 16 16 7 2 2 16 0 13 0 0 0 0 
8 2 2 0 0 0 0 0 20 0 0 16 0 13 13 16 0 0 
0 0 13 0 20 0 16 0 16 0 1 1 1 0 0 3 0 0 
0 0 13 2 11 0 0 3 0 0 0 0 0 0 0 8 2 0 
0 3 4 16 0 0 13 3 0 4 0 0 0 0 0 0 13 16 
0 8 11 0 0 0 0 3 0 4 0 0 0 0 0 0 16 4 
19 0 0 0 0 13 0 0 0 4 16 13 0 0 0 0 0 4 
3 0 0 0 0 0 0 0 0 13 0 1 1 1 0 0 0 4 
19 0 0 0 0 0 16 0 0 0 0 0 0 0 0 16 16 16 
16 16 0 1 1 1 1 1 0 0 13 0 13 13 0 0 0 0 
