15 15
13 0 0 0 0 0 0 0 0 0 0 17 5 0 0 
16 1 1 1 0 10 1 0 0 7 2 9 4 16 13 
0 0 0 0 0 3 0 13 13 4 0 3 4 0 0 
0 0 0 16 0 16 0 0 13 4 0 3 20 0 0 
1 1 1 13 0 0 7 2 2 4 13 3 13 0 0 
0 16 0 13 13 7 11 13 0 4 0 3 0 0 0 
0 0 0 0 0 4 0 0 0 4 16 0 0 10 17 
7 2 0 13 0 0 16 2 2 11 16 13 13 3 0 
4 0 0 0 0 0 0 0 0 16 0 4 0 0 13 
20 0 0 16 17 1 1 0 0 0 18 11 0 0 0 
0 0 0 0 0 16 16 0 13 0 0 0 1 1 1 
0 0 0 0 16 0 0 0 13 0 0 0 0 0 0 
0 0 13 0 0 0 0 0 0 16 4 0 0 0 0 
0 0 0 1 1 1 0 16 0 0 4 0 1 1 17 
0 0 13 0 0 0 13 0 0 0 4 0 16 0 0 
