15 15
0 3 0 0 3 0 3 0 0 0 16 16 0 0 0 
0 3 0 13 3 0 3 0 0 16 0 0 0 0 0 
0 3 16 0 3 0 3 16 0 0 16 4 0 13 0 
0 0 0 0 0 13 0 0 16 0 0 12 1 0 13 
2 2 2 0 13 16 0 0 1 5 0 0 0 0 16 
13 0 0 0 0 4 0 0 0 4 0 0 0 0 0 
0 1 1 1 0 4 16 0 13 0 0 0 13 0 16 
0 0 0 0 0 4 0 0 0 0 0 0 0 16 3 
0 3 0 0 2 11 16 0 0 0 2 2 2 0 3 
1 6 0 16 0 13 0 0 13 0 0 0 16 0 3 
0 0 0 0 0 13 0 4 13 16 0 0 13 0 0 
0 10 1 13 0 0 0 4 0 2 2 18 2 18 0 
0 3 0 0 0 0 0 4 0 0 13 0 0 0 0 
0 3 0 0 13 16 10 1 1 1 0 0 0 10 1 
2 2 2 0 0 1 6 13 0 13 13 0 0 3 0 
