16 16
0 0 13 13 13 0 0 0 0 0 16 0 3 0 0 0 
0 0 4 0 0 0 0 18 2 9 16 0 3 0 0 16 
3 0 4 0 0 0 0 0 0 3 0 0 3 13 0 0 
3 0 20 0 0 13 0 0 0 24 2 9 13 1 1 21 
3 0 13 19 16 0 0 0 0 0 0 3 0 0 2 11 
3 0 10 6 13 0 13 0 0 0 13 3 0 0 0 16 
0 0 3 0 13 0 0 0 16 0 0 3 0 0 0 0 
0 3 3 0 0 16 0 0 0 0 13 3 0 0 0 16 
0 3 0 0 16 1 1 1 0 0 0 0 20 0 0 16 
13 3 0 0 13 0 13 0 0 0 0 0 4 13 3 0 
0 0 0 0 0 0 0 16 0 0 16 0 4 16 3 13 
13 1 1 1 0 0 0 1 1 1 0 16 0 0 3 0 
13 0 0 7 2 16 0 0 0 0 16 0 0 0 0 0 
0 16 0 20 0 0 13 0 13 13 0 0 0 0 0 0 
0 0 0 0 0 0 0 0 0 0 0 0 0 0 0 0 
0 0 0 0 0 2 2 2 16 0 16 2 2 18 0 0 
