18 18
13 0 0 0 4 0 0 13 1 5 0 0 0 0 0 16 0 13 
4 13 4 0 4 0 0 0 0 4 16 16 2 2 2 2 2 0 
4 0 4 0 4 0 0 0 16 4 0 16 0 0 0 0 0 13 
4 13 4 0 0 0 0 0 0 0 0 0 0 0 0 2 9 0 
4 0 0 13 2 2 2 0 13 16 13 0 10 1 1 1 6 0 
0 13 0 0 0 0 0 0 3 0 0 0 3 0 0 13 0 0 
19 16 0 13 0 1 1 1 6 0 13 0 1 1 1 0 0 13 
3 0 0 16 13 0 16 0 0 0 0 0 13 0 0 0 0 13 
3 0 0 2 2 18 0 13 4 0 0 0 13 0 0 0 0 13 
0 0 13 0 0 0 0 13 4 0 13 1 1 1 13 0 0 13 
7 2 2 2 2 2 0 0 20 0 0 13 0 0 0 18 9 0 
4 13 13 0 0 0 16 13 4 10 1 1 1 1 1 0 19 0 
4 0 0 0 0 16 0 0 4 3 0 0 0 0 0 0 0 0 
4 16 0 0 16 0 0 0 4 16 0 0 0 0 13 0 16 0 
4 0 0 16 0 0 0 0 4 0 0 2 2 2 0 0 0 0 
4 16 0 16 13 0 0 0 4 16 0 0 13 0 0 1 1 17 
16 13 0 0 1 1 1 16 0 16 0 0 0 0 3 0 0 0 
0 16 16 13 0 0 0 0 0 0 0 0 0 0 8 2 0 0 
