17 17
3 0 0 0 17 1 1 0 0 16 3 16 13 0 0 19 0 
3 0 0 0 0 0 0 0 0 0 3 0 20 0 13 3 0 
3 0 16 0 0 0 0 0 0 0 3 0 4 13 0 3 0 
3 0 0 13 2 9 13 0 19 0 0 0 4 0 0 0 0 
0 7 2 0 0 3 13 0 3 0 0 13 0 0 16 0 0 
0 4 0 16 0 0 13 0 3 0 0 0 2 2 9 16 0 
16 0 0 2 2 2 2 0 3 0 13 16 16 16 3 13 0 
0 0 0 0 0 16 0 0 3 0 0 10 1 1 6 0 13 
13 0 0 0 0 0 16 0 3 0 0 8 2 2 0 4 0 
0 13 0 0 2 9 0 3 3 0 0 0 13 0 0 4 13 
3 0 0 0 0 3 0 3 0 16 0 3 0 0 0 4 0 
3 0 13 0 0 3 0 3 0 0 0 3 0 0 0 4 0 
3 0 16 0 0 3 13 0 0 0 13 3 16 13 0 0 16 
0 0 16 2 2 2 0 0 18 2 2 3 0 0 1 1 1 
0 0 0 0 13 0 0 0 13 0 13 3 0 0 16 0 16 
0 0 16 13 0 0 0 1 1 1 0 19 13 0 0 13 0 
0 0 13 0 13 0 0 0 0 0 0 0 0 0 13 13 0 
