18 18
17 1 1 0 0 0 0 0 0 0 0 0 0 0 7 2 0 13 
0 0 0 0 0 0 0 19 0 0 0 0 0 16 4 13 0 0 
0 0 0 2 2 18 0 8 2 0 3 16 0 0 0 1 1 1 
0 0 16 0 0 0 0 0 0 10 6 13 0 0 13 0 0 0 
4 0 0 0 16 16 16 0 0 3 0 0 0 4 0 0 0 0 
4 0 16 0 3 0 0 0 1 5 0 16 0 4 0 0 0 0 
4 10 1 1 6 0 0 0 0 20 16 0 0 4 0 0 0 0 
0 3 0 7 9 0 0 0 4 0 0 13 0 4 0 0 16 0 
4 8 2 11 3 0 0 0 4 0 0 0 16 28 1 1 0 16 
12 1 1 1 6 0 0 0 4 0 0 0 16 0 0 0 0 0 
0 0 13 0 0 0 0 4 0 0 0 13 0 16 0 0 0 0 
3 16 13 0 0 0 0 4 0 3 13 0 0 13 0 17 1 1 
3 0 1 1 1 0 0 4 0 3 0 0 0 0 0 0 13 16 
3 13 0 0 16 0 0 13 13 3 0 2 2 2 0 16 16 0 
3 0 0 0 0 0 2 2 25 3 13 0 0 16 0 0 3 0 
3 13 0 18 9 0 0 0 3 0 0 0 0 0 13 0 3 0 
0 0 16 13 3 0 13 2 2 2 0 16 13 0 0 0 3 13 
0 0 0 0 13 0 0 0 0 0 0 0 0 0 0 0 0 0 
