16 16
3 0 16 0 16 0 0 0 0 1 1 1 16 0 13 0 
3 0 13 7 2 16 4 0 0 0 0 0 0 0 0 3 
3 0 0 4 0 0 4 0 0 0 0 0 0 0 0 3 
3 13 0 4 0 0 4 0 0 0 13 0 0 13 16 3 
0 0 2 11 0 0 12 1 1 1 1 0 0 0 0 3 
13 0 0 16 0 0 0 0 0 0 0 0 0 7 2 0 
13 0 16 0 0 0 0 17 1 1 0 0 0 12 1 1 
0 13 0 0 0 0 0 0 13 13 0 0 0 0 0 0 
0 0 0 0 0 4 0 0 0 16 16 0 0 16 0 0 
0 4 0 16 0 4 0 0 13 0 17 5 0 13 16 0 
13 4 0 0 0 20 0 0 13 0 0 4 0 16 4 0 
0 4 13 13 0 13 16 0 0 0 0 4 0 0 4 0 
0 0 0 0 0 2 2 18 0 0 0 12 1 0 4 0 
2 2 2 13 0 0 0 16 13 0 0 0 0 13 0 0 
0 0 0 0 16 16 0 0 3 0 0 0 13 0 16 16 
0 13 0 0 0 13 0 17 6 0 0 0 13 0 0 16 
