16 16
0 16 0 0 3 0 0 0 2 2 2 0 0 0 0 0 
0 0 0 0 3 0 0 0 0 0 0 0 13 16 16 16 
4 0 0 0 3 0 0 0 0 0 13 0 0 16 0 0 
4 13 0 0 0 0 0 0 0 1 5 0 0 16 0 3 
4 0 0 0 13 0 0 16 0 13 4 16 0 4 0 3 
0 1 1 1 5 0 0 0 0 0 0 0 0 4 13 3 
0 0 0 0 4 0 0 18 2 2 0 0 16 12 1 6 
0 0 0 13 16 0 0 0 0 0 13 16 0 16 0 0 
0 0 0 18 2 2 0 0 0 0 0 13 0 0 0 0 
16 0 0 0 0 0 13 0 13 0 4 0 0 13 0 0 
2 2 2 0 0 0 7 2 2 2 11 0 13 0 0 0 
0 0 0 0 13 0 4 0 18 2 2 0 7 2 16 0 
3 16 0 0 0 0 0 0 0 0 0 0 4 0 0 16 
3 0 16 0 16 0 16 0 0 0 16 0 16 16 13 3 
3 0 0 16 13 16 0 13 0 0 0 0 16 0 0 3 
0 0 0 2 2 2 2 2 2 2 2 2 0 13 1 22 
