17 17
2 2 18 2 0 0 16 16 0 16 16 0 0 1 1 17 0 
0 0 0 0 13 16 0 0 16 0 0 0 0 0 0 0 13 
0 0 13 0 0 0 16 0 13 16 0 0 16 0 16 4 0 
0 1 1 1 1 0 0 13 0 16 0 0 0 0 0 4 0 
0 13 0 0 0 0 0 0 0 0 16 0 16 16 0 20 0 
13 0 0 0 13 0 10 1 1 1 13 0 0 16 0 0 0 
0 3 0 13 13 0 3 16 0 10 1 1 1 1 1 1 1 
0 3 0 2 2 2 8 18 2 3 0 13 13 0 0 0 0 
0 19 0 0 13 0 0 16 0 13 0 0 16 2 2 2 13 
0 0 0 0 0 0 0 0 0 4 16 13 0 0 0 0 4 
0 0 0 1 5 0 0 16 0 4 0 0 0 0 2 2 11 
0 0 16 0 20 0 0 0 0 20 0 16 0 0 0 0 13 
10 1 1 0 4 0 0 0 0 0 0 0 0 16 0 13 0 
3 0 0 13 20 0 4 13 0 13 0 0 0 2 2 2 9 
0 13 0 0 0 0 4 0 0 2 9 0 0 0 4 0 3 
0 0 0 0 0 0 4 0 0 0 8 2 2 2 11 13 0 
16 0 2 2 2 2 2 2 0 0 0 0 0 0 0 0 0 
