17 17
0 0 1 1 1 16 0 16 0 0 16 0 0 13 3 0 13 
0 0 0 0 16 7 2 2 23 2 2 0 0 0 3 0 0 
3 0 0 0 0 4 0 0 4 0 0 0 16 13 3 0 0 
3 0 3 13 0 0 13 0 4 16 0 16 16 0 3 0 0 
3 0 8 18 0 0 0 0 0 0 0 0 0 0 0 10 1 
3 0 0 0 0 0 0 0 0 0 0 3 0 16 0 3 0 
0 0 0 16 13 0 2 2 2 2 0 3 0 0 13 3 13 
0 0 0 16 16 13 0 0 0 0 0 19 0 0 0 3 0 
0 0 3 0 13 13 0 0 0 0 0 13 0 0 16 0 0 
0 1 6 0 0 4 0 4 0 0 0 0 20 13 16 0 0 
16 0 0 0 0 4 0 4 0 0 4 0 12 1 0 0 0 
16 0 0 0 0 4 0 12 5 2 11 0 0 16 0 0 13 
0 0 0 0 0 0 0 0 4 16 0 0 13 0 16 0 0 
0 10 1 1 1 13 0 0 4 0 0 0 0 0 1 1 1 
1 6 0 0 0 4 0 0 4 0 0 19 13 0 0 16 0 
2 2 2 0 0 4 0 0 4 0 1 6 16 0 13 16 0 
0 0 13 0 0 4 0 16 12 1 0 0 0 0 16 0 16 
