17 17
2 2 2 2 2 0 16 16 10 1 4 0 1 1 1 0 0 
0 0 0 0 0 0 0 0 3 0 4 0 0 13 0 0 0 
0 0 13 0 0 0 0 13 3 0 4 0 0 0 0 4 0 
0 1 1 17 1 1 0 0 0 0 12 5 0 4 0 12 1 
0 13 13 0 0 0 4 0 0 0 0 4 0 4 0 13 0 
1 1 1 1 1 0 4 0 13 0 0 16 0 4 13 0 13 
0 0 0 0 0 16 4 0 0 0 0 13 2 11 0 0 0 
0 0 16 0 18 2 11 0 0 0 0 3 0 0 13 0 4 
0 0 0 0 16 0 19 0 16 0 0 3 0 0 0 18 11 
16 16 0 0 13 0 3 0 0 0 0 3 16 0 13 0 0 
13 1 17 1 1 0 3 16 0 3 0 8 2 2 2 2 0 
0 0 13 0 0 16 0 0 0 8 2 0 0 0 0 0 0 
4 16 0 0 0 16 0 0 1 5 0 0 0 0 1 1 17 
4 0 13 0 0 0 0 0 0 4 0 0 0 0 0 0 0 
4 0 1 1 17 0 16 0 0 0 0 0 0 0 16 0 0 
20 16 0 0 0 0 16 16 0 0 0 0 0 0 16 0 0 
16 16 0 0 0 0 16 0 1 1 1 1 1 0 16 16 0 
