18 18
0 3 0 2 2 2 0 0 0 16 0 0 0 0 0 0 0 0 
0 3 0 16 0 0 0 0 3 16 16 16 0 20 13 19 0 0 
0 3 0 0 0 0 16 0 3 0 0 0 0 4 0 3 0 0 
0 0 0 0 0 13 0 0 3 0 0 0 0 4 13 3 0 0 
0 0 0 0 0 0 0 16 3 13 13 0 13 0 0 3 0 0 
2 2 2 0 0 4 13 0 0 0 0 18 2 18 2 9 0 0 
0 0 0 2 2 11 0 17 1 1 0 0 0 0 0 3 0 4 
0 13 0 0 0 0 0 16 0 16 0 0 0 0 1 6 2 11 
0 0 0 0 0 0 0 13 0 13 0 0 2 2 2 13 0 0 
0 4 0 0 0 0 1 1 17 0 0 0 0 0 0 0 0 0 
18 11 0 0 0 0 0 13 0 0 0 0 0 19 16 0 0 0 
16 0 0 0 16 0 0 4 13 0 0 0 0 3 0 0 0 16 
0 16 0 0 0 0 0 4 0 2 2 2 0 19 0 0 4 0 
0 16 0 16 16 16 0 4 16 0 0 0 0 13 0 0 4 16 
2 2 2 2 2 16 0 0 13 10 1 1 1 0 0 13 4 0 
0 0 16 0 0 16 0 0 0 3 0 0 16 0 16 16 0 0 
0 0 0 13 0 0 0 13 0 3 16 3 0 0 0 0 0 0 
0 13 16 0 0 1 1 1 1 16 13 8 2 0 0 0 13 0 
