17 17
2 2 2 0 0 0 0 0 0 10 1 1 16 16 16 0 0 
0 0 0 0 0 0 16 16 0 3 13 13 0 0 0 13 20 
0 10 1 1 5 0 0 13 4 3 0 13 0 4 0 0 4 
0 3 16 0 4 0 0 0 4 3 0 0 0 4 0 16 4 
0 8 2 2 4 0 3 4 12 6 0 0 0 4 0 0 0 
0 13 0 0 0 0 24 11 16 0 0 0 4 0 0 0 0 
0 4 0 16 19 0 0 0 2 2 18 0 4 0 16 0 3 
0 12 1 0 3 0 0 13 0 0 0 0 4 10 1 0 3 
0 0 16 13 3 0 4 0 0 20 13 16 0 19 13 0 3 
4 0 0 13 0 0 4 0 13 4 0 0 0 0 0 13 0 
4 0 16 16 13 0 4 16 0 4 0 0 16 0 0 1 5 
4 0 16 16 0 7 2 2 2 2 2 2 2 2 2 0 4 
0 0 0 0 16 4 0 3 0 0 16 0 0 0 16 0 0 
0 0 0 16 0 4 0 3 0 0 16 0 0 0 0 16 13 
19 16 0 0 0 4 0 3 0 0 0 0 0 0 0 0 16 
3 0 0 0 19 12 1 1 1 1 1 1 0 16 0 0 19 
3 0 0 0 8 2 0 0 0 0 0 16 0 0 0 1 6 
