16 16
3 16 0 13 0 0 0 0 0 0 0 0 0 7 2 13 
3 0 0 0 0 0 13 0 10 1 1 0 0 4 13 13 
3 0 0 13 0 1 1 1 8 2 0 0 0 16 0 16 
0 10 5 0 0 0 0 0 16 13 0 13 0 13 0 20 
0 3 12 1 1 0 0 0 13 16 0 16 0 0 0 4 
13 3 7 2 0 0 0 16 7 2 13 13 0 0 0 4 
0 2 11 0 0 16 16 0 4 0 0 0 0 0 0 4 
0 16 0 0 0 0 16 0 13 16 17 5 16 0 0 16 
13 0 0 0 0 0 0 0 0 0 0 4 0 0 0 0 
16 16 16 0 0 0 0 13 0 0 0 12 1 1 1 0 
10 1 1 0 0 0 0 0 0 16 0 0 16 0 16 0 
8 2 2 2 2 2 2 2 2 2 18 2 2 9 0 13 
0 3 16 0 0 0 0 13 0 0 13 0 0 3 0 0 
0 3 13 0 0 16 4 0 0 0 0 0 1 6 20 0 
0 19 0 13 0 0 4 13 1 1 1 0 0 0 4 0 
0 0 0 0 16 0 4 0 13 0 0 0 0 0 4 16 
