17 17
13 13 0 0 13 16 16 0 0 0 0 0 0 0 0 0 0 
13 0 1 1 17 0 0 18 2 2 2 2 0 0 0 0 0 
0 0 0 13 0 13 16 0 0 0 16 0 0 0 1 1 17 
23 2 2 18 0 13 16 0 0 0 16 0 0 0 13 13 0 
12 17 16 0 0 13 13 13 0 13 0 0 0 0 0 16 16 
0 0 0 0 0 13 0 0 0 0 0 0 0 0 0 0 0 
13 0 13 0 16 0 16 2 2 2 0 1 1 1 1 1 0 
0 0 7 2 0 0 0 13 13 13 0 0 0 16 13 0 0 
13 0 4 2 2 2 2 2 2 2 13 0 0 16 0 0 0 
0 16 4 13 0 0 0 0 3 16 16 0 0 0 0 13 0 
0 0 0 0 0 0 16 0 3 0 0 13 0 13 1 1 1 
0 0 1 21 0 0 0 0 3 16 0 10 1 4 0 0 0 
4 13 0 4 0 13 0 13 8 2 13 19 0 4 13 0 0 
4 0 0 4 0 0 0 0 0 0 0 0 0 4 0 0 13 
4 13 0 20 0 18 2 2 13 0 4 0 0 4 16 0 13 
0 0 0 4 13 0 0 0 0 13 4 0 0 4 0 0 0 
0 0 16 4 16 0 0 16 13 0 4 0 0 4 0 16 16 
