18 18
0 0 0 0 0 0 0 4 0 0 0 0 0 0 16 0 0 0 
0 0 13 0 0 0 0 4 0 16 0 0 0 0 3 13 0 16 
0 2 2 18 0 0 0 4 0 0 7 2 2 2 3 1 1 1 
0 0 16 0 0 2 2 11 0 0 12 1 5 0 3 0 0 0 
0 0 0 13 0 16 13 13 0 0 0 0 4 0 3 13 0 3 
0 0 0 0 0 0 16 0 4 16 0 16 12 1 22 0 0 3 
0 0 2 2 18 0 3 0 4 0 0 16 0 0 16 0 0 3 
0 0 0 0 0 10 6 0 4 0 13 0 0 0 0 0 0 3 
2 2 2 2 0 3 0 0 4 13 0 16 16 0 16 13 16 3 
0 0 0 0 0 3 13 0 4 0 16 0 0 0 0 0 0 0 
0 13 3 16 13 13 13 0 4 13 0 16 3 13 0 13 0 0 
20 16 3 0 0 0 0 16 4 16 13 0 3 13 13 1 1 1 
4 0 3 13 0 0 3 0 0 0 0 0 8 2 0 0 0 0 
20 0 0 0 13 0 3 0 0 19 0 13 0 0 0 0 0 0 
16 0 0 0 0 0 8 2 13 8 18 0 0 16 0 13 0 0 
0 0 13 1 1 1 13 16 3 0 0 0 0 0 7 2 2 0 
4 13 0 0 0 16 0 0 3 0 0 0 16 2 11 0 0 0 
12 1 0 0 0 0 0 0 24 2 0 0 0 0 0 13 0 0 
