16 16
0 0 0 18 2 2 0 0 0 0 0 0 1 1 1 0 
3 0 0 16 0 0 0 7 2 0 0 0 0 0 0 0 
3 0 0 0 0 0 0 20 0 0 16 0 2 9 0 0 
3 0 0 16 20 0 0 0 0 16 0 13 0 3 16 4 
0 0 0 13 4 0 0 1 1 1 1 1 0 0 13 4 
0 0 0 16 4 0 1 1 1 0 13 0 16 0 0 4 
4 0 0 16 0 4 0 16 0 0 20 0 16 0 0 20 
4 16 16 0 0 4 0 0 0 0 12 1 0 0 0 4 
4 0 16 0 0 20 0 0 0 0 0 16 13 13 16 13 
4 16 0 0 0 4 0 0 1 1 1 13 0 0 16 0 
4 16 0 0 0 4 16 13 4 16 16 16 0 13 16 0 
0 0 16 0 13 0 0 0 28 1 1 1 1 1 1 16 
0 0 0 0 0 0 0 0 0 0 0 0 16 0 0 0 
18 2 2 9 0 0 13 0 0 0 4 0 16 0 3 0 
0 0 13 3 0 0 0 0 0 18 11 0 16 0 3 0 
0 0 0 0 2 2 2 16 0 0 0 0 0 0 19 0 
