16 16
0 4 0 0 0 0 3 0 0 0 0 0 0 0 16 3 
0 4 0 4 0 0 3 13 3 16 0 0 0 0 0 3 
0 4 0 4 0 0 3 13 3 0 16 19 0 0 1 6 
0 0 16 4 0 0 0 16 3 13 0 3 0 0 0 0 
0 0 0 0 4 0 13 0 0 0 0 3 0 7 2 0 
0 4 0 0 4 0 0 0 0 4 0 0 0 4 13 0 
13 4 0 0 12 1 1 0 0 4 0 13 13 0 16 0 
0 4 0 16 3 0 0 0 13 4 0 0 0 1 1 1 
13 0 0 13 8 2 0 0 0 16 16 4 13 0 0 0 
0 0 0 13 13 0 0 0 0 13 0 4 0 0 0 0 
13 2 2 2 2 2 2 0 0 0 0 4 0 0 0 0 
0 0 0 16 0 0 0 0 0 0 0 12 1 5 0 19 
0 0 0 13 0 1 1 1 0 3 0 0 16 4 0 3 
2 2 2 0 0 0 0 0 0 3 0 0 0 12 1 6 
0 16 0 0 4 0 0 13 0 19 0 0 0 0 0 0 
13 16 18 2 27 0 13 13 0 0 0 17 1 1 0 0 
