16 16
3 16 13 13 0 0 0 0 10 1 0 13 0 3 16 0 
3 0 0 0 16 0 13 0 8 2 0 0 0 3 0 13 
3 0 0 16 0 16 13 0 0 13 0 0 0 3 0 0 
0 10 1 1 1 0 16 0 0 0 0 0 13 3 10 1 
0 19 0 0 0 7 2 0 20 7 2 0 0 13 3 13 
0 0 16 0 0 4 0 2 11 4 0 0 16 0 13 0 
4 0 0 0 0 0 0 0 0 4 0 13 0 13 0 16 
4 0 16 0 0 0 0 0 0 12 1 17 0 16 0 3 
4 0 4 0 0 0 0 13 16 0 16 0 0 0 0 3 
0 16 12 1 0 0 16 3 0 0 16 0 0 0 13 3 
13 0 0 0 0 0 13 3 13 0 0 16 0 0 0 0 
7 2 13 13 0 0 0 3 0 4 0 0 0 0 0 13 
12 1 0 0 0 13 0 0 0 4 1 1 5 13 0 0 
0 0 13 0 4 0 13 0 0 20 0 0 4 0 18 9 
2 2 2 0 4 0 0 16 0 0 13 0 4 0 0 3 
0 0 0 0 20 0 13 0 0 0 0 0 0 0 13 3 
