18 18
0 0 13 0 10 1 1 1 0 0 0 0 0 16 0 0 13 13 
0 0 16 0 3 16 13 0 0 0 13 16 0 0 0 0 0 4 
0 0 16 19 0 0 0 0 0 13 0 0 7 9 16 0 0 4 
0 16 0 3 0 0 0 19 0 0 0 3 4 3 0 16 0 4 
13 0 16 19 0 0 0 3 0 0 16 8 11 13 0 0 0 4 
0 0 0 3 0 0 0 3 0 16 0 16 0 0 0 0 13 0 
0 0 0 0 0 0 13 0 0 16 16 0 0 0 3 16 0 0 
13 0 13 0 0 0 1 1 17 0 0 13 0 1 6 1 21 16 
0 2 2 18 0 0 0 0 0 0 0 13 0 0 0 13 4 0 
0 0 0 13 0 1 1 1 0 0 16 16 0 0 0 0 4 0 
13 0 0 0 0 0 0 0 0 0 0 2 9 0 13 13 0 16 
0 0 16 7 2 0 16 13 0 0 0 0 3 0 13 1 1 17 
16 0 2 11 0 0 0 13 13 20 0 0 0 16 0 16 0 0 
0 0 13 0 0 0 0 0 0 4 0 0 0 0 0 0 16 13 
20 0 0 0 0 0 3 0 0 4 0 13 0 0 0 16 0 3 
4 0 1 1 5 13 3 0 3 0 4 0 0 16 0 0 0 3 
4 0 0 16 20 1 22 0 3 0 12 1 1 1 0 0 0 19 
16 0 0 0 0 0 13 0 8 2 0 13 0 0 0 13 0 0 
