17 17
0 0 0 0 16 0 2 2 2 0 0 20 0 13 0 3 0 
13 0 0 0 0 0 13 0 0 0 0 12 1 0 0 3 0 
26 5 0 0 16 0 13 0 16 0 0 0 0 0 0 3 0 
3 20 0 0 0 0 2 2 2 18 0 0 0 0 0 3 0 
0 0 0 0 13 16 0 0 0 16 13 0 1 1 1 0 16 
13 0 0 0 0 16 0 7 9 0 0 3 0 0 0 0 4 
0 3 0 0 0 13 0 4 3 0 0 3 0 0 0 0 4 
0 8 2 2 2 0 0 0 0 1 1 6 0 0 0 0 4 
0 0 0 0 0 10 1 0 0 0 0 0 16 0 0 0 0 
0 13 4 0 10 6 0 0 16 0 0 0 16 16 16 0 16 
0 0 12 1 6 0 0 0 0 17 1 1 0 16 0 0 0 
16 0 0 0 0 13 0 0 0 16 0 0 0 0 13 0 0 
0 3 0 0 0 0 0 0 0 0 0 0 16 13 16 0 0 
0 8 18 2 2 0 0 0 0 13 19 13 0 3 0 0 0 
0 0 16 0 0 10 1 0 16 1 6 0 20 3 13 0 4 
16 0 0 0 0 19 0 13 0 0 7 2 12 6 16 0 4 
2 2 2 0 0 16 13 0 0 0 4 0 0 0 0 0 4 
