16 16
0 0 0 1 1 17 0 0 0 0 3 0 0 0 0 0 
0 0 0 0 13 0 0 0 0 0 8 9 0 16 0 0 
0 0 0 13 13 4 0 0 10 1 1 6 0 16 0 0 
0 0 16 0 0 4 13 16 3 0 0 16 0 0 0 0 
2 2 2 2 0 4 0 0 3 13 0 0 0 1 1 17 
0 0 0 0 16 4 0 0 3 18 2 2 0 0 0 0 
0 13 13 0 0 0 0 16 3 0 0 0 0 0 13 13 
0 7 2 13 0 1 1 1 3 13 0 3 0 0 0 13 
0 12 1 0 7 2 0 0 3 0 0 3 0 17 1 1 
0 13 0 13 12 1 1 17 6 0 16 3 0 0 0 0 
0 0 16 16 3 0 0 0 3 16 4 0 0 19 0 0 
0 16 16 0 3 0 0 13 3 0 4 0 0 8 9 0 
0 13 0 16 3 0 0 0 3 0 12 1 0 0 3 0 
1 21 0 16 0 0 0 0 0 0 0 16 0 0 0 0 
2 11 16 13 0 0 0 0 0 16 3 13 0 1 1 1 
16 0 16 2 2 2 16 0 0 0 8 2 0 0 0 0 
