18 18
0 3 0 16 13 13 0 16 13 0 1 1 1 0 0 0 1 5 
0 3 0 0 26 1 1 0 0 0 0 13 13 0 13 0 13 4 
0 3 0 0 3 0 0 0 0 0 16 0 4 0 0 0 16 20 
0 0 0 0 0 0 16 13 0 10 1 0 12 1 1 16 0 0 
4 0 0 0 4 13 4 0 0 3 0 0 0 0 0 0 0 0 
4 0 0 0 4 0 4 0 0 0 0 16 16 0 0 0 0 19 
4 0 0 0 4 0 4 0 0 0 0 4 0 0 0 0 0 3 
4 0 0 0 16 0 0 0 0 0 0 4 0 2 2 2 0 3 
13 0 0 0 0 16 0 0 0 0 16 4 13 0 0 0 0 3 
16 0 0 0 0 2 2 2 2 2 16 4 13 13 2 2 2 3 
3 0 0 0 13 13 0 0 13 16 0 0 0 16 0 0 13 0 
3 0 0 0 16 0 0 16 16 0 0 4 16 13 0 0 0 0 
3 0 0 1 1 1 1 21 0 0 13 4 0 0 0 1 1 1 
3 13 13 0 0 0 0 4 0 0 16 4 16 0 0 0 16 16 
8 2 2 16 16 0 7 11 0 0 0 0 0 0 0 0 0 0 
0 0 0 10 17 0 4 16 16 0 0 0 0 0 0 0 16 0 
0 0 13 3 0 16 4 0 13 0 0 4 0 0 16 13 16 16 
0 0 0 16 0 0 0 0 0 0 0 12 1 1 1 1 1 0 
