18 18
0 0 16 0 0 0 0 0 0 0 0 0 0 0 2 2 2 0 
20 0 20 13 0 16 0 0 0 2 2 2 13 0 16 0 0 0 
12 1 4 0 16 3 0 0 0 0 0 0 13 0 0 2 2 18 
0 16 4 0 0 3 0 4 13 0 16 0 0 0 0 0 0 0 
0 0 28 1 0 3 16 4 0 0 16 0 0 0 0 0 0 0 
0 0 0 1 1 6 16 12 17 1 17 0 16 0 2 9 0 0 
13 0 0 0 13 16 13 0 0 0 0 0 0 13 13 3 0 13 
4 0 10 1 0 0 0 0 0 3 16 0 3 0 0 0 0 16 
4 0 3 0 0 18 2 2 0 3 0 10 6 0 10 17 1 17 
4 0 0 0 7 2 9 0 0 8 2 19 0 0 3 16 0 16 
0 0 0 16 4 0 3 0 16 13 13 0 0 0 0 0 0 0 
0 16 0 0 4 16 8 9 0 13 0 0 0 0 0 16 0 0 
0 0 2 2 11 16 16 3 0 0 13 0 7 2 0 0 16 0 
0 0 0 0 0 13 0 3 13 0 0 13 4 0 1 1 1 1 
4 0 16 16 13 16 0 0 0 20 0 0 4 13 0 0 0 0 
4 0 0 2 2 2 2 2 2 4 0 0 4 0 0 0 13 0 
4 0 13 16 0 0 16 13 0 20 0 0 4 4 13 0 0 0 
4 0 0 0 16 18 2 2 0 4 13 16 0 12 1 1 1 1 
