16 16
3 16 0 0 0 1 1 1 0 0 13 0 3 0 0 16 
3 0 0 0 0 0 0 0 0 0 0 0 3 0 10 17 
3 0 0 2 9 0 0 16 16 13 0 0 3 1 6 0 
0 0 0 0 8 2 0 0 16 0 0 0 0 0 0 0 
0 0 0 16 0 0 0 0 7 2 2 13 0 0 0 0 
0 13 0 0 0 0 0 0 4 0 0 0 16 13 0 16 
0 0 16 1 1 1 17 5 4 13 0 16 16 13 0 4 
0 0 0 0 0 0 0 12 1 17 16 0 16 13 2 11 
18 9 13 16 16 16 0 0 0 0 0 0 16 0 16 0 
0 3 0 0 0 13 0 0 4 0 1 5 0 13 16 0 
0 0 0 0 0 0 0 7 11 0 0 12 1 0 0 13 
0 13 0 4 0 0 0 4 0 7 2 0 16 0 0 0 
0 16 0 4 0 0 4 4 0 4 0 0 0 0 0 0 
13 16 0 4 0 0 4 0 0 4 16 0 13 0 0 0 
0 16 13 13 4 0 4 0 0 12 1 1 1 17 0 0 
0 0 0 2 11 0 4 0 13 0 0 0 13 0 16 0 
