15 15
0 16 0 0 0 0 16 0 0 1 1 17 5 0 0 
0 17 1 1 0 0 16 0 0 0 0 13 4 16 0 
0 0 0 0 0 16 3 0 13 7 2 16 0 0 0 
0 0 0 16 0 0 3 0 13 4 16 0 0 0 0 
2 9 0 0 3 0 3 16 0 12 1 1 16 16 0 
1 6 0 10 6 0 0 16 13 0 0 0 0 0 0 
13 0 0 3 0 16 0 0 13 0 0 0 2 2 18 
0 0 0 16 0 0 16 0 2 2 25 0 0 0 0 
16 0 0 4 0 0 13 16 16 0 3 3 1 1 5 
18 2 2 4 17 1 17 0 0 0 0 3 4 0 4 
0 0 16 4 0 0 0 0 0 0 0 8 11 0 4 
0 0 0 20 13 0 0 0 13 0 16 0 0 0 4 
16 0 0 4 0 0 16 1 1 1 0 0 13 0 4 
2 2 2 11 0 0 0 0 0 16 0 0 0 0 4 
0 13 0 0 0 13 13 0 0 13 0 13 0 0 4 
