15 15
0 13 0 0 0 0 0 7 2 0 0 0 0 0 0 
0 0 4 0 0 0 0 12 1 0 3 0 0 0 0 
16 2 11 0 0 0 0 0 0 0 8 2 2 16 3 
16 0 13 1 5 0 0 0 0 0 0 13 0 13 3 
0 0 0 2 11 13 0 1 1 17 0 13 0 0 3 
0 16 16 16 13 0 0 0 0 0 1 1 1 0 0 
0 0 13 13 0 0 16 0 0 13 0 0 0 0 13 
0 0 13 0 0 0 0 16 0 16 0 0 0 19 0 
0 0 7 2 0 0 0 0 0 0 13 4 0 3 13 
0 0 20 0 0 0 3 13 16 0 0 12 1 22 0 
0 0 0 0 16 16 3 16 0 0 0 3 16 0 13 
0 13 4 0 16 0 3 0 0 0 0 3 0 13 0 
4 0 4 0 0 0 0 13 0 0 13 3 0 0 0 
4 0 20 16 0 0 0 0 0 0 0 0 13 0 16 
4 0 0 0 0 0 0 17 1 17 0 13 1 1 17 
