15 15
0 13 19 0 0 0 16 16 0 18 2 2 0 16 0 
16 0 3 0 0 19 0 0 0 0 0 0 0 13 0 
16 0 19 0 0 3 0 0 0 16 0 0 0 13 0 
3 13 0 0 0 3 0 0 0 18 2 2 0 0 3 
3 13 13 0 0 0 0 13 0 0 0 0 0 0 3 
3 0 0 0 0 0 0 0 0 0 0 0 16 0 3 
16 10 1 0 1 1 1 0 0 0 0 0 3 0 0 
0 3 0 13 16 0 0 0 0 7 9 0 3 0 0 
13 0 0 0 0 0 0 4 13 4 3 0 3 0 0 
0 0 16 0 0 0 18 11 0 4 3 0 3 0 4 
0 0 18 9 13 0 0 0 0 0 0 0 3 0 4 
0 0 0 19 0 0 0 0 0 0 13 0 16 0 4 
20 0 0 0 13 13 16 0 13 4 0 0 0 0 4 
4 13 0 0 0 13 0 13 0 4 13 0 3 0 0 
20 16 0 0 1 1 1 0 0 4 0 0 8 2 0 
