16 16
2 2 2 2 2 16 0 16 0 0 16 19 16 0 2 9 
0 0 0 0 10 17 10 17 13 0 0 3 0 0 0 3 
0 13 0 0 3 0 3 0 0 0 0 3 0 0 0 19 
0 0 3 13 0 0 13 0 16 16 3 13 13 0 0 0 
0 0 3 0 0 2 2 9 0 0 3 0 13 0 0 0 
26 1 22 13 0 0 13 3 0 13 3 0 0 0 4 0 
3 13 0 0 0 0 0 0 0 0 3 0 0 0 4 0 
0 0 0 13 10 17 0 0 0 13 19 0 0 0 4 0 
0 16 0 0 19 0 13 0 0 0 0 0 0 13 0 0 
0 19 13 0 3 0 0 0 0 4 0 0 17 1 1 16 
0 8 18 0 0 0 0 0 7 11 0 0 0 0 0 0 
16 13 0 13 0 16 0 0 4 16 1 1 1 1 16 0 
2 2 2 2 0 0 16 0 4 0 0 0 19 0 0 0 
0 0 0 13 0 16 0 13 13 0 4 0 3 0 1 5 
18 2 2 0 0 16 0 7 18 0 4 0 19 0 0 4 
0 0 0 0 0 0 16 20 0 0 4 16 13 13 0 4 
