18 18
13 0 0 0 16 0 0 0 0 0 0 0 0 16 0 0 13 0 
13 4 0 4 0 0 0 0 1 1 1 17 13 3 16 0 0 0 
13 4 0 4 0 16 0 16 0 0 16 0 0 3 0 0 13 0 
0 4 0 12 5 0 0 13 7 2 16 13 16 3 0 1 1 1 
0 0 16 0 4 0 16 0 4 0 16 13 0 0 0 13 0 0 
16 16 16 0 0 0 0 0 4 0 0 0 0 0 13 20 0 0 
0 16 18 2 2 0 13 16 4 16 0 0 0 0 0 4 0 19 
0 0 0 0 16 0 0 0 4 0 0 18 9 0 0 4 0 3 
0 0 0 0 0 0 0 0 4 0 0 13 3 0 0 0 13 3 
0 0 0 0 0 0 16 13 0 0 1 5 0 0 13 0 0 0 
16 16 1 1 1 1 13 0 0 16 0 4 16 0 16 16 0 0 
3 0 0 16 0 16 16 16 13 16 13 0 0 0 0 0 0 0 
3 0 0 0 0 16 13 0 0 2 2 2 13 3 0 0 13 0 
3 0 0 3 0 16 0 0 0 13 13 16 13 3 0 0 0 0 
16 1 5 3 0 0 4 0 0 0 0 13 0 19 0 0 0 0 
0 0 4 3 13 16 4 0 0 0 4 0 0 0 0 1 1 17 
0 0 12 6 0 0 4 13 16 0 4 0 16 16 0 0 13 0 
2 2 2 0 0 0 20 0 0 0 4 0 0 0 13 13 0 16 
