17 17
0 0 0 13 0 0 3 0 0 0 2 2 2 0 0 16 0 
0 13 0 0 0 0 3 0 0 0 16 0 0 0 0 16 0 
3 0 7 2 0 0 3 16 0 0 13 0 13 16 16 0 16 
8 2 11 0 13 13 0 0 0 7 2 9 13 0 0 0 16 
0 0 1 5 0 0 13 2 2 11 10 6 0 10 1 1 1 
0 0 3 4 0 0 0 16 13 0 3 0 0 3 0 0 0 
0 0 8 11 0 0 13 0 13 0 3 0 0 3 0 3 0 
1 1 1 0 7 2 0 0 0 13 0 13 0 0 0 3 0 
0 0 0 0 4 0 0 0 16 1 1 1 0 0 0 3 0 
13 0 0 0 4 0 0 0 0 0 16 0 16 16 0 13 0 
4 0 0 0 0 0 0 0 0 0 0 16 0 0 13 0 0 
4 0 0 0 13 0 0 0 0 0 0 0 2 2 2 2 0 
4 0 13 0 0 0 0 0 0 13 0 20 0 0 0 0 0 
4 0 0 0 0 2 2 18 0 0 13 4 0 0 0 0 0 
4 0 0 0 0 0 0 0 0 0 0 4 0 0 2 2 2 
13 0 0 0 0 0 0 13 0 0 0 4 0 13 0 13 0 
13 0 0 17 1 1 1 1 1 0 0 12 1 17 16 0 0 
