17 17
16 3 0 0 13 3 0 0 0 7 2 2 0 1 1 1 1 
0 8 2 2 2 3 0 0 0 4 13 0 0 0 0 0 16 
0 0 13 0 13 3 0 0 1 1 1 0 16 0 0 0 0 
0 0 16 0 0 0 0 0 0 0 0 0 0 16 16 16 0 
0 16 0 3 16 0 13 7 2 2 2 0 1 1 17 0 0 
0 0 0 3 0 0 0 4 0 4 0 0 0 0 0 16 4 
0 0 0 3 16 0 13 0 0 4 0 1 1 17 0 0 4 
0 0 0 3 0 13 0 0 13 4 0 0 0 0 0 0 4 
0 0 16 3 16 0 0 0 2 9 0 0 0 0 0 0 0 
0 0 0 3 13 0 13 0 0 8 2 2 2 2 2 0 16 
0 0 0 3 0 0 16 0 0 0 0 0 0 0 0 0 4 
18 2 2 3 0 0 0 0 0 0 0 0 0 3 0 0 4 
0 13 16 8 2 0 0 2 2 2 2 0 0 8 2 13 4 
0 0 0 0 0 0 20 0 0 0 0 13 13 13 13 0 4 
0 2 2 2 0 0 4 0 13 0 0 0 13 0 0 0 4 
0 0 0 0 0 16 4 0 0 0 13 16 16 0 0 0 16 
16 2 2 2 0 16 0 0 1 1 1 0 0 0 0 0 0 
