15 15
13 0 0 3 0 16 0 0 13 7 2 2 2 9 0 
13 0 0 3 0 0 0 0 0 4 0 3 0 3 0 
16 0 0 3 0 0 4 0 13 4 0 8 2 0 0 
16 19 0 0 0 0 4 0 0 0 13 0 0 13 16 
0 3 0 0 0 0 4 0 0 13 0 4 0 0 19 
0 3 16 13 13 0 0 0 16 13 0 4 13 0 3 
0 0 13 0 16 3 0 1 5 13 0 4 0 0 3 
0 4 0 0 0 3 0 0 4 13 0 0 0 0 0 
2 11 0 4 0 3 0 16 20 0 0 16 0 0 13 
0 0 0 4 13 0 0 0 4 0 13 0 16 0 13 
0 0 0 4 0 0 13 13 4 13 0 0 0 16 13 
0 0 0 16 0 16 0 0 4 0 13 2 2 18 0 
0 4 0 0 16 0 7 2 11 0 16 0 0 0 0 
0 12 1 0 16 0 4 0 0 0 0 13 0 0 0 
0 0 0 0 0 0 0 13 0 0 0 0 0 13 13 
