15 15
2 2 2 2 0 0 7 2 13 0 16 16 0 0 3 
16 0 0 0 0 16 4 4 16 3 0 0 0 10 6 
0 0 16 0 0 0 4 4 0 3 0 0 0 19 0 
0 2 2 2 2 2 2 11 0 3 0 13 0 3 0 
0 0 0 0 0 0 0 3 0 13 0 0 0 8 9 
0 7 2 0 0 1 1 6 0 4 0 13 0 0 3 
0 4 13 0 0 0 0 0 0 4 0 0 0 0 3 
13 4 13 4 0 0 2 2 2 11 0 1 5 0 0 
16 0 0 4 0 16 0 0 0 0 0 0 4 0 0 
16 0 16 4 0 0 0 0 0 0 0 0 4 4 0 
16 4 0 0 0 0 0 0 13 16 2 2 2 11 0 
0 4 0 0 0 16 0 0 16 0 0 2 9 0 13 
0 4 0 0 0 0 16 0 0 0 0 16 3 0 0 
0 4 0 1 5 0 0 16 16 0 0 0 3 0 0 
0 4 0 0 12 1 1 1 1 0 0 0 0 0 0 
