15 15
16 16 0 16 0 0 0 1 1 1 0 0 16 16 16 
0 0 0 16 0 0 0 0 0 0 0 16 4 0 0 
0 2 2 2 0 0 0 0 0 13 0 0 4 0 0 
0 0 0 13 0 0 3 0 0 0 0 0 4 0 16 
0 1 1 1 1 1 6 0 4 16 0 0 16 16 13 
0 0 0 0 0 0 0 0 4 0 0 0 13 0 16 
0 0 0 16 0 0 0 16 4 0 7 2 0 0 4 
0 1 1 1 0 0 0 0 0 0 4 0 0 0 4 
16 0 13 16 0 3 0 0 0 0 0 0 3 0 4 
0 0 0 0 1 6 10 1 0 0 0 13 3 0 16 
13 1 5 13 13 0 3 0 0 0 0 13 3 0 0 
0 0 20 0 0 0 0 16 1 1 1 0 0 0 0 
4 16 0 0 2 2 2 0 0 13 0 13 0 10 1 
4 0 0 0 0 0 0 0 1 1 1 0 0 3 0 
4 16 16 0 0 0 0 0 0 0 0 0 16 24 2 
