18 18
0 0 0 0 3 0 0 0 0 16 0 3 0 0 0 0 16 0 
2 2 2 0 3 0 0 0 0 0 0 3 13 0 1 1 1 0 
0 0 0 0 8 2 0 0 16 0 0 3 0 0 0 0 0 0 
13 0 4 0 0 0 13 0 3 0 0 13 13 0 0 0 0 4 
0 13 4 0 13 13 0 0 3 0 0 16 0 0 0 4 0 4 
0 0 4 16 0 0 10 1 22 0 10 5 0 0 2 11 0 4 
0 0 0 0 0 0 3 0 16 0 3 12 1 0 13 0 0 0 
16 0 0 0 0 0 0 16 0 0 3 0 0 16 0 10 1 0 
16 16 0 0 0 0 0 0 0 0 0 0 0 0 0 3 0 0 
13 0 0 0 0 0 0 0 0 0 0 2 2 2 0 0 0 0 
16 19 0 0 16 16 0 0 0 0 0 16 0 13 0 1 1 1 
0 3 0 0 0 0 0 16 16 0 0 0 16 0 0 0 0 0 
0 3 0 0 1 1 1 16 0 0 0 13 1 1 1 0 0 0 
0 3 16 13 0 0 0 16 13 0 16 0 13 0 0 0 16 0 
0 0 0 7 2 0 0 0 13 0 1 1 1 0 13 3 16 0 
16 0 0 4 0 10 5 0 13 0 0 0 0 0 0 3 13 0 
0 0 0 4 0 3 4 3 0 0 0 16 0 0 16 19 0 0 
0 0 0 20 0 0 12 6 16 0 0 0 0 0 0 0 0 13 
