18 18
0 0 0 0 0 2 2 9 0 13 16 0 0 13 16 0 0 0 
0 0 3 0 0 16 0 3 0 16 16 16 0 0 3 0 0 16 
0 0 3 13 0 0 0 3 0 13 7 2 2 2 3 0 1 5 
13 0 3 0 0 0 0 19 16 13 4 0 0 0 3 13 0 4 
13 0 0 16 0 0 0 3 0 0 4 0 0 0 3 13 0 20 
0 13 0 1 17 1 1 6 0 16 0 16 0 0 0 0 16 16 
0 0 0 0 0 20 0 13 0 0 0 16 0 0 0 0 0 0 
18 2 2 13 0 4 0 0 0 13 0 0 3 16 0 2 2 18 
0 0 0 0 0 4 0 7 2 13 0 1 6 13 16 0 0 0 
13 0 0 0 0 0 16 12 5 0 0 0 0 0 16 0 0 0 
0 0 13 0 0 0 0 13 4 0 0 0 0 0 2 2 2 9 
0 16 0 0 16 0 0 16 0 0 16 0 16 16 0 0 1 6 
0 17 1 1 13 16 0 0 17 1 1 1 16 16 16 0 13 0 
0 0 16 0 0 0 16 0 16 16 0 0 0 0 16 16 0 0 
0 0 0 0 0 7 9 13 13 16 0 0 0 0 16 16 16 0 
0 4 0 0 0 4 3 0 0 16 16 16 0 0 0 0 0 0 
0 4 0 0 0 4 3 0 0 0 0 0 0 13 0 0 0 0 
0 4 0 0 0 12 6 0 0 0 0 1 1 1 1 1 1 1 
