15 15
18 2 2 13 13 0 0 0 0 13 0 3 0 13 0 
0 0 0 0 0 16 0 0 0 16 4 3 16 0 0 
0 0 16 13 2 2 2 16 0 0 4 3 0 16 0 
0 16 16 0 0 0 16 0 0 16 12 6 0 0 0 
7 2 2 9 0 0 0 0 0 16 0 0 0 0 0 
4 16 0 3 0 0 0 2 9 0 0 0 13 0 0 
4 16 0 3 0 0 0 0 3 0 16 0 0 0 0 
4 0 0 3 16 16 0 0 0 0 16 0 16 13 0 
4 0 16 3 13 0 3 16 0 0 19 0 18 2 2 
4 0 0 3 0 1 6 0 16 16 3 13 0 0 0 
0 0 16 0 0 0 0 0 0 0 3 0 0 0 0 
0 0 13 0 16 0 18 2 9 0 16 0 4 13 0 
2 2 2 0 0 16 0 0 3 0 0 13 12 1 16 
0 0 13 0 0 0 0 0 13 1 5 0 0 0 0 
0 0 0 0 0 0 0 0 0 0 4 16 0 13 0 
