17 17
0 0 16 2 2 2 16 0 13 1 1 1 0 0 0 3 0 
7 9 0 0 13 0 0 16 13 0 0 0 13 13 13 8 18 
4 3 0 0 16 0 7 2 0 0 0 0 0 0 0 0 0 
12 1 1 5 13 0 4 0 0 7 2 16 0 0 1 1 5 
13 0 0 4 0 16 16 0 0 12 1 0 16 16 0 0 4 
0 0 16 4 0 0 0 0 16 0 0 0 0 0 0 16 0 
0 0 16 4 0 13 0 0 0 16 0 0 0 0 16 16 0 
2 2 2 11 0 0 4 0 4 0 0 1 21 0 13 0 0 
16 0 0 0 0 0 4 0 4 0 0 0 4 13 0 0 0 
16 0 0 0 0 0 20 0 4 16 0 0 20 10 5 16 0 
0 16 0 16 0 0 0 0 20 0 16 0 4 3 4 0 0 
0 0 0 0 13 0 0 0 4 0 0 0 0 16 4 0 0 
20 0 0 0 0 0 0 0 4 0 0 0 16 0 4 0 0 
4 0 0 1 1 17 0 0 0 13 0 13 0 0 4 16 0 
4 0 0 0 0 0 0 0 0 0 2 9 0 0 20 16 0 
13 0 0 13 0 0 0 13 0 0 0 3 0 0 13 0 0 
16 16 2 2 2 0 0 0 0 0 0 3 0 0 0 0 13 
