17 17
0 0 16 0 0 0 3 0 0 0 0 18 9 0 3 16 0 
13 0 0 0 10 1 6 0 0 13 0 1 6 0 8 2 2 
3 16 0 0 3 0 16 16 0 0 0 0 1 5 0 0 0 
3 0 0 0 3 0 16 0 13 0 0 0 0 4 0 0 4 
3 0 0 0 3 13 0 0 0 0 16 0 0 4 16 0 4 
3 0 13 0 3 13 0 17 1 17 16 0 0 0 13 0 4 
7 2 0 16 19 16 0 0 0 0 0 16 0 0 0 0 0 
4 13 0 0 3 0 0 0 16 0 0 0 0 16 0 13 0 
4 10 1 1 6 16 13 0 0 16 0 16 0 3 0 0 0 
16 3 0 0 16 16 0 13 16 16 13 0 0 3 2 2 18 
0 8 2 0 0 0 13 3 0 13 13 1 1 6 16 0 0 
0 0 19 16 16 0 0 3 0 0 20 0 16 0 16 0 0 
0 13 3 13 16 0 0 19 0 0 12 17 0 0 0 0 0 
16 16 3 0 0 0 16 0 0 0 13 0 13 0 0 16 0 
0 0 0 0 0 16 0 0 3 0 16 13 0 3 16 16 0 
13 0 0 17 1 1 13 0 8 2 18 2 13 3 0 0 0 
0 0 0 0 0 0 0 0 16 0 0 0 0 8 2 2 0 
