18 18
2 2 9 0 0 0 0 16 0 0 0 0 13 0 13 0 13 0 
0 0 19 0 13 2 2 9 0 0 0 13 13 17 1 1 0 0 
0 0 0 0 0 0 0 3 0 2 2 18 0 0 0 0 13 0 
0 1 1 1 0 13 0 0 0 0 13 0 0 0 0 0 0 0 
0 0 0 7 9 0 19 16 0 1 1 1 17 0 13 0 10 1 
0 0 16 4 3 0 3 13 20 0 0 0 0 0 0 0 3 13 
13 16 0 0 0 0 3 0 4 0 0 0 13 0 0 0 3 0 
0 16 16 16 13 16 0 0 4 0 0 0 16 0 0 0 3 0 
0 16 16 0 2 2 2 2 0 0 17 1 1 16 0 0 0 0 
13 4 0 0 0 0 0 0 0 16 0 0 0 0 0 0 13 13 
0 4 0 16 0 0 13 0 4 0 0 17 5 0 4 3 16 0 
0 4 0 0 0 0 0 0 12 1 1 0 4 0 12 6 0 0 
0 16 0 0 0 1 1 1 0 0 0 0 4 0 0 0 0 0 
16 16 16 0 0 13 0 0 0 0 0 0 4 3 0 1 1 1 
0 0 0 16 0 0 0 0 0 2 2 2 4 3 0 0 0 0 
13 0 16 16 16 13 0 16 7 2 2 2 11 3 0 0 0 0 
4 13 13 0 16 0 0 0 4 19 0 0 0 3 1 17 1 1 
12 1 1 0 0 0 16 0 28 6 0 16 13 0 0 13 0 0 
