15 15
0 0 0 0 0 16 16 16 0 3 0 0 1 1 1 
0 0 0 16 0 0 13 0 0 3 0 0 0 13 0 
0 0 17 1 1 0 10 1 1 6 0 16 16 0 13 
7 2 16 0 0 0 3 0 0 0 0 0 0 0 13 
4 0 0 3 16 0 13 0 13 0 0 7 2 16 0 
4 0 13 3 0 13 7 2 2 2 16 20 13 13 0 
0 0 0 3 0 0 4 0 0 0 16 0 0 16 0 
0 0 13 0 13 16 4 4 13 0 0 16 16 0 16 
0 4 0 0 4 0 0 4 0 4 0 16 16 0 0 
0 4 13 0 4 0 0 4 0 4 13 16 0 0 3 
0 4 16 0 4 0 0 4 0 4 0 0 0 0 3 
0 13 13 0 4 0 0 4 0 4 0 0 0 0 3 
2 9 0 0 0 13 0 4 0 13 0 16 0 16 19 
0 3 0 0 4 13 0 0 16 0 0 16 0 16 16 
0 0 0 0 12 1 16 16 0 0 0 16 0 13 16 
