16 16
3 16 0 0 0 1 1 17 1 1 0 0 2 2 2 0 
3 0 0 0 0 0 0 13 0 16 13 0 0 0 0 0 
19 16 0 0 19 0 0 0 0 0 0 0 16 0 13 4 
3 1 17 5 8 2 2 2 0 0 4 0 0 0 0 20 
3 0 16 4 0 0 3 0 0 2 11 0 7 2 2 11 
3 13 0 4 0 0 3 0 0 0 0 0 4 0 0 0 
3 0 0 4 0 0 3 0 0 0 0 16 0 0 0 0 
19 0 0 0 13 0 8 2 0 13 3 16 0 0 13 0 
3 0 0 0 7 2 2 2 2 0 3 0 0 16 4 0 
3 0 0 0 4 0 0 0 0 0 3 0 0 13 4 0 
3 3 0 0 4 0 0 0 0 0 0 0 0 0 4 0 
3 3 0 0 4 16 16 0 0 0 0 13 13 0 0 0 
3 3 0 16 0 0 0 0 16 0 0 0 0 0 0 0 
3 0 13 4 0 0 0 13 10 1 1 0 0 2 2 2 
3 0 0 4 0 0 0 1 6 0 0 16 16 0 0 0 
0 0 16 4 16 0 0 0 0 13 0 13 0 16 13 13 
