16 16
0 16 16 0 13 0 0 0 3 0 16 0 2 2 2 13 
0 0 16 0 0 0 16 0 3 0 16 0 0 13 0 0 
0 0 4 16 16 0 13 0 3 13 13 0 0 0 0 0 
0 13 4 1 5 0 0 0 3 13 13 0 2 2 9 0 
0 13 4 0 4 0 0 0 3 0 16 0 0 0 3 0 
0 0 4 0 0 16 0 13 16 16 13 0 0 0 19 0 
0 0 12 1 0 0 16 16 13 0 0 0 0 0 0 0 
0 0 0 0 0 0 16 16 0 13 0 16 0 1 5 0 
0 0 0 16 0 0 0 0 0 0 0 16 0 0 4 16 
18 2 2 0 0 0 0 13 0 0 0 0 3 0 0 13 
0 0 0 7 2 0 0 0 16 0 0 13 8 25 0 13 
16 0 0 4 0 16 0 0 0 0 16 13 0 3 0 0 
3 0 0 12 1 0 0 0 0 0 0 0 0 3 13 16 
8 18 0 0 16 0 0 2 2 2 2 13 0 3 0 3 
0 0 0 1 5 0 0 16 16 0 0 0 0 3 13 3 
0 0 0 0 4 0 0 0 0 0 13 0 0 0 0 3 
