15 15
0 3 16 13 0 16 0 0 0 0 0 0 0 0 16 
0 3 0 0 0 16 0 0 0 0 16 16 0 2 9 
13 3 0 0 16 0 10 1 1 1 1 0 16 0 3 
0 0 0 0 0 16 3 0 16 0 16 0 13 0 0 
16 0 0 0 13 0 3 16 16 0 13 0 0 0 0 
2 2 2 0 0 13 8 2 2 2 0 13 1 5 0 
4 0 0 0 0 13 0 13 0 13 0 16 0 4 0 
4 0 3 16 0 16 0 0 0 0 0 0 0 4 0 
4 0 3 0 16 16 7 2 2 2 9 0 0 0 0 
4 0 19 0 0 2 11 0 0 0 19 0 0 3 4 
4 0 8 2 18 2 2 16 0 0 0 0 0 8 11 
0 0 0 0 0 0 13 0 0 1 1 17 0 13 4 
0 26 1 1 0 4 0 0 0 0 0 0 0 0 20 
0 3 0 0 0 4 0 0 0 0 0 0 13 0 4 
0 0 0 16 16 4 0 0 2 2 2 0 16 0 4 
