17 17
0 0 1 1 1 5 16 0 0 0 0 17 1 17 0 0 0 
0 0 0 0 0 28 1 1 5 16 0 0 0 0 0 0 0 
0 0 13 0 0 0 0 0 4 16 0 13 0 0 0 13 0 
0 1 1 1 0 0 13 4 13 16 0 0 19 0 0 0 3 
0 0 0 0 0 0 0 4 0 13 0 10 6 13 0 0 3 
0 0 16 0 0 16 0 4 0 0 0 3 0 0 0 0 3 
4 0 0 0 0 0 3 0 0 0 0 3 0 0 0 3 3 
4 0 0 0 0 0 3 0 0 0 0 0 0 0 0 3 0 
4 0 0 0 4 0 3 0 16 13 0 13 0 0 0 3 0 
0 0 0 0 4 13 3 13 0 0 0 0 0 4 0 0 0 
0 0 19 0 4 16 3 0 0 2 2 2 2 11 0 0 13 
19 0 3 13 0 0 3 0 16 0 0 0 0 0 0 16 0 
3 0 3 0 0 0 3 0 16 0 0 16 16 16 0 19 0 
3 0 0 0 0 0 3 0 0 0 0 0 0 0 0 3 0 
3 13 0 20 16 0 3 13 13 0 16 0 0 0 13 3 0 
3 0 16 4 0 0 3 0 0 0 0 0 0 0 16 0 16 
0 0 0 4 13 0 3 0 1 1 1 0 13 0 0 0 0 
