15 15
3 16 0 0 0 16 2 2 2 13 0 0 0 0 0 
3 0 16 13 16 0 0 0 13 0 0 0 0 0 0 
19 0 16 0 2 2 25 13 0 16 3 13 10 1 1 
0 0 0 0 0 13 3 0 13 0 3 13 3 0 16 
2 2 9 0 0 0 13 0 0 16 19 13 0 0 0 
16 0 3 0 16 0 0 16 0 0 3 0 0 0 4 
16 4 3 16 0 0 0 16 2 2 2 2 2 2 4 
0 12 6 2 2 2 0 0 0 0 0 0 16 0 4 
16 0 16 0 0 0 0 13 0 0 0 0 13 0 4 
0 0 0 13 0 0 13 0 1 1 1 0 0 0 0 
0 13 16 2 9 16 16 0 0 0 16 16 0 0 4 
0 16 16 13 19 16 0 16 0 0 0 0 0 0 4 
16 16 0 0 16 0 13 1 1 17 16 0 0 16 20 
0 16 0 0 16 0 13 13 0 0 0 0 13 0 0 
0 0 0 0 0 0 0 0 1 1 1 0 16 16 0 
