15 15
10 1 1 17 0 1 1 1 1 1 13 0 3 16 16 
3 0 0 0 0 19 0 0 0 0 0 0 3 16 0 
13 13 13 0 0 3 0 0 0 13 0 0 3 0 0 
0 0 0 0 13 3 0 13 1 1 1 0 3 16 0 
13 16 0 0 0 13 0 0 13 0 0 0 24 2 0 
13 16 16 16 0 0 16 0 16 0 0 13 16 0 4 
0 0 7 9 0 0 13 0 7 9 0 0 16 13 4 
10 1 4 8 2 2 0 13 4 3 13 0 16 0 4 
8 2 11 0 16 0 13 16 4 3 0 0 13 0 4 
0 0 0 16 0 16 16 0 4 3 0 0 0 0 4 
16 13 1 1 1 13 16 0 13 3 13 13 3 16 0 
16 0 0 0 0 0 13 0 3 3 4 0 3 13 0 
0 4 13 0 0 0 16 16 19 3 4 0 3 0 16 
0 4 0 0 0 0 13 0 3 0 4 0 13 2 9 
0 12 1 1 1 1 1 1 6 16 0 0 0 1 6 
