17 17
0 1 1 5 0 0 0 2 2 9 0 0 0 0 0 16 0 
0 0 13 20 0 0 0 0 0 3 0 0 10 5 0 10 1 
0 16 2 9 0 16 0 3 0 3 13 16 3 12 1 6 0 
0 0 0 3 0 0 0 3 0 3 0 20 0 16 0 0 0 
13 13 0 13 0 0 16 19 16 3 0 12 1 0 13 13 0 
0 13 4 0 0 3 0 0 0 3 13 0 0 0 17 1 1 
0 0 4 0 13 3 0 0 10 1 16 0 16 13 0 0 0 
0 0 4 0 0 19 13 0 3 0 0 0 0 0 0 16 3 
0 16 16 0 0 0 0 0 0 0 7 2 13 0 0 0 3 
0 0 0 16 20 0 20 0 0 16 4 0 0 16 4 0 3 
13 0 0 13 4 13 4 0 0 0 0 2 2 2 11 0 0 
0 13 16 0 4 0 4 0 0 0 0 0 13 0 16 0 4 
0 7 2 13 0 0 0 0 13 16 0 0 0 0 13 0 4 
0 12 1 0 0 0 0 17 1 1 0 16 13 0 0 0 4 
0 0 0 0 0 0 0 0 0 0 0 0 0 4 13 0 4 
1 1 1 1 1 1 0 0 0 0 0 0 0 4 0 0 20 
0 0 0 0 13 0 0 0 1 1 1 0 0 4 0 16 0 
