17 17
0 0 0 13 0 0 0 0 13 0 13 4 0 0 0 0 0 
0 0 0 0 0 2 2 2 0 0 0 4 0 0 1 1 1 
0 23 2 2 0 0 0 4 0 0 7 11 0 0 0 0 16 
16 4 0 0 0 0 16 4 0 16 4 0 4 13 0 0 0 
0 4 0 0 16 16 0 4 0 13 4 4 12 17 0 16 0 
0 4 16 18 2 2 13 4 0 16 0 4 0 0 0 10 17 
3 4 0 0 0 0 0 0 0 0 0 12 17 0 0 3 0 
8 11 0 13 16 13 0 0 1 1 1 0 0 0 0 0 0 
16 0 16 0 18 2 2 2 13 0 0 0 0 0 0 0 0 
16 0 0 13 13 0 0 0 0 0 16 13 0 0 4 0 20 
0 3 0 0 16 13 0 0 0 0 0 16 0 18 11 2 11 
0 3 0 0 0 0 1 17 1 1 16 13 13 16 0 0 13 
0 3 0 0 0 0 0 16 0 16 0 0 0 0 16 13 16 
0 0 0 0 0 0 16 0 0 0 0 0 13 0 1 1 1 
16 0 13 0 13 0 0 13 0 0 4 0 0 13 0 0 0 
2 9 0 13 16 18 2 2 13 13 4 0 0 0 1 5 0 
0 3 0 0 0 16 0 0 0 13 4 16 0 13 0 4 16 
