17 17
0 0 16 0 16 0 0 18 2 18 0 0 0 0 0 0 0 
16 1 1 1 0 16 0 0 0 0 0 4 0 0 0 13 0 
16 16 16 0 0 0 13 0 16 16 0 4 0 0 7 2 0 
0 0 0 0 0 0 0 0 0 7 2 11 0 0 4 0 0 
0 0 13 13 13 0 13 13 0 4 0 0 0 0 16 0 0 
0 16 0 13 0 0 0 0 16 4 0 0 4 13 13 3 16 
4 13 0 1 1 1 0 0 13 0 0 2 11 0 1 6 0 
4 0 13 0 13 0 0 0 3 0 0 0 13 0 0 0 0 
4 0 0 0 0 0 16 16 3 16 16 0 0 0 0 0 13 
0 16 0 0 16 3 0 0 3 0 0 3 16 10 1 0 13 
16 13 0 0 13 8 2 16 3 0 13 3 13 3 0 0 13 
0 13 0 17 1 1 1 1 6 0 13 3 0 3 0 13 13 
0 0 0 0 0 13 13 16 16 0 13 3 13 0 13 0 16 
18 9 2 2 2 13 0 0 0 13 4 0 16 10 1 1 1 
0 19 0 0 0 16 16 16 13 0 12 1 1 3 0 0 0 
0 3 16 1 1 17 0 0 0 0 0 0 0 13 1 1 1 
0 0 16 0 0 13 0 0 0 0 16 0 16 13 0 0 0 
