15 15
10 1 0 0 0 13 13 0 0 0 0 0 1 1 1 
19 0 13 16 0 0 0 0 0 16 0 0 0 0 0 
0 0 13 16 0 0 0 0 16 3 0 0 0 0 0 
0 1 1 1 0 0 0 13 0 3 16 13 13 4 0 
0 16 0 16 0 0 0 0 0 3 0 16 0 4 13 
0 0 0 13 0 3 0 0 0 0 16 13 0 4 0 
0 0 0 13 13 3 0 0 0 13 0 16 13 0 0 
0 4 13 13 0 3 13 0 3 0 0 4 0 4 0 
2 11 13 4 0 3 0 0 3 0 13 4 0 4 0 
0 0 0 4 1 5 0 0 19 0 0 4 0 4 0 
0 0 7 11 0 4 0 0 0 0 13 0 0 13 0 
0 7 11 0 0 13 0 0 0 20 0 0 0 0 0 
4 12 1 1 1 0 0 0 4 4 0 0 0 13 0 
4 0 0 13 0 0 0 3 4 20 16 0 1 1 17 
4 0 1 1 1 17 0 8 11 13 16 0 0 0 0 
