17 17
0 0 0 0 0 1 1 1 0 0 0 0 0 16 0 0 0 
0 0 0 0 0 0 0 0 13 16 0 0 4 2 2 2 16 
26 1 17 0 0 0 17 5 0 0 19 0 4 13 0 16 13 
3 0 0 0 0 0 0 4 0 13 3 0 4 16 20 0 0 
0 0 0 0 0 0 13 0 0 0 3 16 4 0 4 0 0 
0 3 0 16 0 0 0 0 13 16 24 2 11 0 4 0 0 
0 3 0 0 0 2 2 2 16 0 16 0 0 0 0 16 16 
0 3 13 16 0 0 0 0 0 0 0 0 0 0 0 0 0 
0 16 0 0 0 0 0 13 0 0 3 0 13 3 0 0 3 
13 0 0 4 13 0 0 1 1 17 6 0 1 6 0 0 3 
16 0 0 12 1 16 0 0 0 13 0 0 13 0 3 1 6 
16 0 0 0 13 0 3 0 0 0 0 0 0 0 3 0 0 
2 2 18 0 0 17 6 0 0 7 18 0 0 0 3 0 16 
0 0 0 13 0 0 0 0 16 4 0 0 16 0 13 0 0 
4 0 0 16 3 0 13 0 0 0 0 7 2 0 0 0 0 
4 0 0 13 3 0 1 5 0 0 0 20 0 16 0 4 0 
12 1 17 0 8 2 13 4 0 13 0 0 0 2 2 11 13 
