17 17
2 2 2 0 3 16 0 13 2 2 2 2 2 0 0 0 13 
0 0 0 13 3 0 0 0 16 0 16 0 0 0 16 0 0 
0 0 0 13 3 0 0 0 0 0 0 13 0 10 1 16 0 
4 0 0 0 3 0 0 0 0 0 0 0 0 3 0 0 16 
4 0 0 13 0 0 0 0 0 0 0 0 0 0 0 0 16 
20 0 16 0 4 0 0 16 0 1 1 1 1 1 17 1 17 
13 0 13 0 4 0 0 0 0 0 0 0 13 0 0 0 13 
3 0 0 0 4 0 0 0 0 0 0 0 13 0 0 16 3 
3 13 0 16 13 16 0 0 2 9 0 1 1 1 0 13 3 
3 0 0 0 16 0 0 0 0 3 0 0 0 0 0 0 3 
0 0 0 0 13 0 0 16 0 0 16 16 0 0 0 0 0 
0 0 2 2 2 2 2 16 0 0 0 16 13 13 4 0 4 
0 0 0 0 0 0 0 0 7 2 0 0 0 0 4 0 4 
0 0 13 16 16 0 0 0 4 13 0 0 0 0 20 13 4 
0 0 0 16 0 3 0 0 0 0 0 13 0 0 0 16 20 
0 3 0 0 13 3 0 0 1 1 1 0 0 0 1 5 0 
1 6 0 0 0 3 0 0 0 0 0 13 0 0 0 4 16 
