15 15
2 2 2 0 0 0 3 0 0 0 0 0 0 0 13 
0 0 0 0 0 0 3 0 13 0 16 0 16 0 0 
0 0 1 1 1 0 19 0 1 1 1 5 0 0 0 
0 0 0 0 0 0 0 0 0 0 2 11 16 16 0 
0 0 0 0 0 0 0 0 0 23 2 2 0 16 16 
13 16 1 1 1 1 0 0 0 4 0 0 0 0 0 
0 0 0 0 0 0 0 0 0 4 0 0 0 0 13 
4 0 0 0 0 0 0 0 0 16 0 2 2 2 0 
4 0 0 0 0 13 0 4 0 0 13 16 16 13 16 
4 0 16 16 0 16 0 4 0 0 0 0 16 0 13 
16 0 0 16 0 0 16 4 13 0 3 0 0 0 0 
0 13 0 16 16 0 0 0 16 13 3 0 13 0 3 
0 0 13 0 16 2 2 9 16 0 19 0 0 0 3 
2 2 2 0 0 13 0 3 16 0 0 0 0 0 3 
0 0 0 13 0 0 0 3 0 16 16 0 0 0 0 
