15 15
0 0 0 18 2 2 0 0 13 0 0 19 0 0 0 
0 0 16 0 0 0 16 0 0 0 26 6 0 16 0 
3 0 16 0 0 0 13 0 0 0 3 13 0 2 9 
3 0 0 0 0 13 2 2 2 0 13 4 0 13 3 
3 0 3 16 16 0 16 0 0 0 13 4 0 0 16 
0 0 3 0 0 0 0 0 0 13 0 4 16 16 0 
0 0 8 2 7 2 0 16 16 0 16 0 0 0 0 
0 0 0 0 4 0 0 7 2 2 2 2 2 2 0 
16 3 0 0 4 16 0 4 0 0 0 0 16 0 0 
0 8 9 0 0 0 4 0 16 0 0 0 0 13 0 
0 0 3 0 4 0 4 0 2 2 2 0 0 0 0 
13 0 13 0 4 0 4 0 13 0 0 0 1 1 1 
7 2 13 0 4 0 0 0 0 0 0 13 0 0 0 
4 0 0 16 4 13 16 16 0 0 0 0 16 13 16 
4 0 0 0 20 0 0 2 2 2 0 0 2 2 2 
