17 17
0 13 0 17 1 17 1 0 0 0 0 16 3 16 13 0 0 
0 0 0 0 0 16 0 0 0 13 0 0 3 0 0 13 16 
0 2 2 2 0 0 13 0 0 0 0 16 3 0 0 10 1 
13 0 0 0 13 0 0 0 0 16 13 10 6 0 0 3 0 
4 0 20 0 0 16 13 2 2 2 0 3 0 13 13 0 0 
4 0 4 13 16 0 0 13 0 0 0 19 16 0 0 0 0 
20 0 4 0 2 2 2 16 0 0 0 3 0 0 13 20 0 
0 0 0 0 0 13 16 0 0 0 13 8 2 0 16 4 13 
0 0 0 0 0 0 0 13 3 16 0 0 0 16 0 4 13 
13 13 0 0 20 0 0 1 6 13 0 1 1 21 0 4 0 
3 16 0 13 4 13 0 0 13 0 16 16 0 4 13 4 0 
3 0 0 7 11 0 0 0 13 13 13 13 0 0 13 4 0 
3 13 0 4 0 16 0 0 0 0 16 16 0 16 0 4 0 
0 0 3 4 0 13 7 2 2 2 2 2 2 2 0 0 0 
0 16 8 11 0 0 4 0 0 0 0 0 0 0 0 0 0 
0 0 0 0 0 16 4 0 0 0 13 13 0 0 1 1 1 
13 0 0 0 0 0 0 0 0 16 2 2 2 0 0 0 0 
