16 16
0 1 1 1 0 0 0 0 0 0 0 3 0 0 0 0 
0 0 0 0 0 0 4 2 2 2 0 3 13 0 0 0 
3 0 0 0 0 0 20 0 13 0 16 3 16 0 0 0 
3 0 0 7 2 2 11 2 2 2 0 13 0 0 0 0 
3 0 0 4 0 0 0 0 0 10 1 1 1 1 0 16 
0 0 0 4 0 0 0 0 13 3 0 0 13 0 16 0 
19 0 0 4 0 13 13 0 0 3 0 0 0 0 0 0 
3 0 0 4 0 0 0 0 0 0 0 0 0 0 0 0 
3 0 0 16 0 0 13 0 0 0 0 13 0 0 16 0 
0 0 0 0 0 20 0 3 4 0 0 4 0 0 0 3 
0 0 16 0 0 4 0 8 11 0 0 4 0 16 17 6 
0 16 3 0 0 20 0 0 0 0 0 12 1 13 16 0 
0 0 3 0 0 0 0 13 16 0 0 16 0 13 0 13 
0 0 3 0 0 0 13 19 0 16 0 0 0 17 1 1 
0 0 3 0 0 0 1 6 0 13 10 1 1 13 0 16 
0 0 0 0 13 16 0 0 0 13 3 0 0 0 0 0 
