15 15
0 0 0 0 0 0 3 0 0 0 0 0 19 13 0 
0 16 17 5 16 0 3 0 0 13 13 0 3 0 0 
0 0 0 4 16 13 19 0 0 16 0 0 3 13 16 
0 0 16 0 13 0 3 0 0 1 5 0 0 0 16 
0 0 16 0 0 16 0 16 0 0 20 0 17 1 1 
0 0 1 1 1 0 0 4 0 0 0 13 0 0 0 
0 16 0 0 0 0 0 4 13 0 0 0 0 0 0 
13 13 0 0 0 0 20 4 0 0 13 0 0 0 0 
3 0 16 0 0 13 4 4 0 0 0 0 0 16 0 
3 0 0 13 0 16 4 4 0 2 9 13 0 16 0 
19 16 0 20 0 13 0 4 0 0 3 0 3 16 16 
3 0 13 4 0 0 0 16 0 0 3 0 3 0 0 
3 0 0 4 0 0 0 0 0 1 1 17 3 16 0 
0 0 16 13 13 0 0 16 0 13 0 13 19 16 0 
0 0 0 17 1 1 0 18 2 2 2 0 13 0 0 
