17 17
0 0 0 0 0 0 1 1 1 1 0 0 0 1 1 1 0 
0 13 0 0 13 0 0 13 0 4 0 0 0 16 13 0 0 
0 0 0 18 2 2 2 2 2 11 0 0 0 0 0 0 0 
16 0 0 0 0 0 0 0 0 0 0 0 0 0 0 16 0 
13 2 2 2 2 0 10 1 16 0 1 1 1 0 0 0 0 
16 13 13 13 16 0 8 2 0 0 0 16 0 0 10 17 1 
3 0 0 16 0 0 13 0 0 20 0 4 13 16 3 16 16 
8 2 0 2 2 2 2 2 2 11 0 4 0 0 3 0 0 
0 0 0 16 13 0 0 0 0 0 0 4 16 13 3 0 0 
0 0 0 0 0 16 0 0 16 4 0 16 13 16 3 0 4 
0 0 0 0 16 0 0 0 0 4 0 0 13 0 19 13 4 
13 13 3 13 0 19 0 0 0 4 0 0 0 13 3 0 4 
1 1 6 0 19 3 0 0 16 13 16 0 0 0 0 4 0 
0 0 13 0 3 8 2 2 2 2 2 18 0 0 0 4 0 
0 0 0 0 3 0 0 13 0 0 0 0 3 0 0 12 17 
0 0 16 0 13 0 13 0 13 0 13 13 3 0 0 13 16 
13 16 0 2 2 2 2 0 0 0 0 0 19 13 0 0 0 
