17 17
3 0 16 0 0 0 0 0 0 16 19 0 0 3 0 2 9 
3 0 0 0 0 0 0 0 13 0 3 0 0 3 0 0 3 
3 0 0 0 0 0 0 0 0 0 3 0 13 8 2 0 3 
0 13 0 3 16 0 0 3 4 0 0 0 0 0 0 13 0 
0 0 0 3 0 0 13 8 11 0 0 0 20 16 0 0 0 
0 0 0 3 0 0 0 0 16 13 0 16 4 0 4 0 0 
0 0 0 0 3 0 13 0 0 0 0 0 4 13 4 0 0 
2 9 0 0 3 0 16 0 0 16 0 16 0 0 4 0 0 
16 8 2 2 3 13 16 16 0 0 0 0 0 0 0 0 0 
0 0 16 0 3 0 0 0 2 2 2 9 0 0 0 10 1 
3 0 0 0 8 2 0 0 0 0 16 3 0 0 13 19 0 
3 0 13 20 0 13 13 16 0 0 16 3 0 0 0 0 13 
3 13 0 12 17 0 13 0 1 1 1 6 13 0 1 1 1 
13 0 13 0 0 0 0 1 1 5 0 0 0 0 0 0 16 
13 0 0 0 0 16 0 0 13 20 0 0 17 1 1 13 0 
0 0 0 18 2 2 0 0 0 4 13 0 0 16 16 0 0 
2 2 2 2 13 0 0 13 0 4 16 0 0 0 0 0 0 
