18 18
0 0 1 1 17 0 0 0 0 0 0 0 13 0 0 0 0 0 
4 13 0 0 0 7 2 0 3 0 0 0 0 0 0 17 1 1 
4 13 0 0 0 4 13 16 3 0 13 0 0 0 0 0 0 0 
4 16 0 13 0 0 0 1 6 0 0 2 2 2 2 18 2 0 
0 0 16 3 0 0 0 0 0 0 0 0 0 0 13 0 0 0 
0 0 13 3 0 3 0 13 0 0 16 0 13 0 0 3 0 0 
0 1 1 22 0 8 2 0 0 0 0 0 0 0 0 8 18 0 
3 13 0 0 0 0 13 0 1 1 17 13 0 0 0 0 0 0 
3 0 0 0 0 0 0 0 0 0 0 16 16 0 0 0 0 0 
3 0 10 1 1 5 13 13 0 0 0 0 16 0 16 0 0 0 
0 1 6 0 2 11 0 0 0 18 2 2 2 2 9 0 0 4 
13 0 0 0 0 13 0 0 0 0 0 0 0 0 3 0 0 4 
18 2 2 0 0 0 0 0 13 10 1 5 0 16 3 13 0 4 
16 0 0 16 0 0 0 4 0 3 0 4 0 16 19 0 0 4 
0 10 1 5 0 0 2 11 0 3 0 4 0 0 3 0 0 0 
0 3 0 4 0 0 0 0 0 3 0 12 1 1 6 13 4 0 
0 3 0 4 0 0 0 0 0 13 0 0 0 0 0 0 4 0 
0 0 0 16 0 0 0 0 0 2 2 2 16 0 0 0 4 0 
