17 17
0 20 0 0 0 0 0 2 2 2 2 2 0 0 0 0 0 
13 4 0 13 0 0 0 0 0 0 3 0 0 0 0 13 0 
0 4 0 19 16 4 16 0 0 0 3 0 13 13 1 1 17 
0 0 0 3 0 4 2 2 18 2 24 2 2 0 0 0 0 
0 0 0 3 0 4 0 0 16 0 0 0 0 0 20 0 0 
0 0 0 3 0 4 0 0 0 3 0 0 13 2 11 0 0 
13 0 0 0 0 20 0 0 0 3 0 0 0 0 0 0 0 
16 16 16 13 16 13 0 0 13 3 13 13 0 0 0 0 0 
16 13 0 13 20 0 0 0 0 13 0 0 1 21 0 0 0 
16 0 0 0 12 1 1 17 1 1 17 0 0 12 1 1 0 
3 0 0 0 0 0 0 16 16 0 0 16 0 0 13 0 0 
3 0 0 0 0 1 5 13 0 0 0 0 2 9 16 0 3 
3 0 16 0 0 16 4 0 0 3 0 0 1 6 0 10 6 
0 13 0 18 2 2 11 13 0 3 0 13 13 13 0 3 0 
16 0 0 0 13 0 0 0 16 19 0 13 0 0 0 0 13 
0 0 0 0 0 0 0 0 13 13 0 1 1 1 5 0 0 
0 13 0 16 0 0 0 17 1 1 0 16 0 13 12 1 0 
