18 18
0 16 3 0 0 13 0 0 3 0 16 0 0 7 2 13 13 0 
0 0 3 13 1 1 1 0 8 2 2 0 0 4 0 13 0 0 
13 0 3 0 13 0 16 0 0 0 0 0 0 1 1 5 16 0 
0 13 0 0 0 0 0 13 16 13 0 23 2 13 0 4 0 0 
1 1 1 1 0 0 13 13 0 0 13 4 0 0 16 4 0 0 
0 0 0 0 0 1 1 1 0 0 0 20 0 0 16 4 0 0 
0 0 0 0 0 0 13 0 0 0 16 0 0 0 0 4 0 0 
16 17 1 1 16 0 1 1 1 17 0 16 0 0 0 16 0 16 
0 0 0 0 0 0 16 16 0 0 16 0 0 0 0 0 16 16 
13 13 0 16 0 0 0 0 0 0 0 0 0 0 0 16 0 0 
0 1 1 17 0 0 13 0 13 1 17 1 1 0 3 0 0 0 
0 0 0 0 0 13 0 16 0 0 0 0 0 0 3 0 0 13 
4 0 0 0 4 13 18 2 2 2 2 0 0 16 3 0 0 0 
4 0 3 0 20 0 0 0 16 13 0 16 0 0 0 0 0 0 
4 16 3 13 12 5 0 0 0 0 16 26 1 13 0 19 0 0 
0 13 8 2 0 4 13 0 13 0 0 8 2 0 0 3 0 0 
0 0 16 0 0 4 0 0 13 17 1 1 0 13 13 3 13 0 
13 0 0 0 0 0 0 0 13 0 13 16 16 0 0 0 0 0 
