15 15
0 0 16 7 2 9 0 0 0 3 0 16 0 4 0 
0 0 0 12 5 3 0 0 0 3 13 18 2 11 0 
0 0 0 0 4 3 0 0 0 3 16 13 0 0 16 
2 2 2 13 4 16 0 0 0 0 0 13 17 1 1 
0 0 0 0 0 0 0 0 0 0 4 0 0 0 13 
0 4 0 0 0 0 0 0 20 13 4 0 16 0 0 
0 20 0 0 0 0 0 2 11 16 20 0 1 1 1 
0 4 0 0 0 0 0 0 0 0 0 0 0 16 16 
16 4 0 10 17 13 0 13 0 0 0 0 0 0 0 
0 0 0 3 13 16 0 0 0 0 4 0 0 13 0 
0 0 0 0 0 16 0 7 2 2 11 0 13 0 0 
2 2 2 2 13 13 0 4 0 0 0 13 13 13 19 
0 0 0 0 0 13 1 1 1 16 0 13 13 16 3 
0 0 3 0 13 13 0 0 0 0 0 1 1 17 6 
0 0 8 18 0 0 1 1 1 16 0 0 0 0 0 
