18 18
13 0 0 0 0 0 0 13 0 0 0 0 0 0 0 3 16 0 
0 0 4 0 0 0 16 0 0 13 4 0 16 0 0 3 0 16 
0 0 4 0 0 0 0 16 13 0 4 13 0 0 1 6 0 16 
0 16 4 0 0 0 16 2 9 0 4 16 13 0 0 0 16 13 
0 0 0 0 0 0 0 0 19 0 0 0 0 0 3 0 2 9 
0 26 5 0 18 2 9 0 16 16 0 0 0 0 3 0 13 3 
0 3 4 0 0 0 3 0 0 16 0 0 0 0 3 0 0 0 
0 0 0 0 0 0 0 0 13 0 0 1 1 1 3 4 0 0 
0 0 0 2 2 2 0 0 0 1 5 0 0 0 3 4 0 0 
13 0 0 0 0 0 0 0 0 0 4 0 16 0 3 20 16 13 
0 0 3 0 16 2 2 2 0 16 13 0 0 0 0 0 0 0 
0 0 3 0 0 0 0 0 0 0 0 16 0 0 0 0 0 3 
0 0 3 0 16 3 0 10 1 21 0 0 16 16 0 0 16 3 
4 16 0 0 0 3 0 3 7 11 0 16 3 0 0 13 0 3 
4 0 0 0 0 19 0 3 4 0 0 0 3 0 0 1 21 3 
4 0 1 5 13 0 1 6 16 0 16 0 19 16 0 18 11 3 
4 16 0 4 0 0 13 0 0 16 0 0 16 0 0 0 13 3 
0 16 13 0 0 0 0 0 0 0 0 0 0 0 0 0 16 0 
