15 15
2 2 2 2 13 13 16 13 0 0 16 2 2 9 0 
0 0 0 0 0 0 0 0 0 0 0 0 0 3 16 
13 0 2 2 18 13 1 1 1 0 0 16 13 3 0 
0 0 0 0 0 0 13 0 0 16 16 16 0 16 0 
0 13 16 0 0 13 0 0 0 0 0 1 1 5 0 
2 2 2 16 0 0 0 0 13 13 0 4 0 4 13 
0 16 0 13 2 2 25 0 16 0 13 4 0 4 0 
0 0 0 0 0 0 3 0 3 0 0 4 0 4 16 
0 0 3 0 0 0 3 0 8 2 0 4 0 4 16 
0 0 3 0 0 13 19 0 0 13 0 4 0 4 0 
0 0 3 0 20 0 0 16 0 0 0 0 0 20 16 
13 0 0 0 4 0 0 1 1 1 13 16 0 4 16 
0 0 4 0 4 0 0 0 0 0 13 16 0 12 5 
0 0 4 16 0 0 0 0 0 16 13 0 0 0 4 
13 0 12 1 1 16 16 16 13 0 0 0 0 0 4 
