17 17
16 0 0 0 0 3 0 13 0 0 19 0 0 3 0 0 16 
3 0 0 0 0 3 0 0 3 0 8 2 13 8 2 0 16 
3 0 0 13 0 3 0 0 3 0 0 0 0 0 0 0 0 
3 0 13 3 0 0 0 0 3 0 16 0 0 0 16 0 16 
3 0 0 19 0 0 2 9 0 10 17 1 1 1 1 1 17 
19 0 0 3 16 0 13 19 0 8 2 0 0 0 0 0 0 
13 0 0 3 0 0 0 0 0 0 0 13 0 0 16 0 3 
0 0 0 16 0 0 0 0 1 1 1 0 16 3 0 16 3 
0 0 0 13 7 2 16 0 0 0 0 0 0 3 0 0 3 
0 0 0 0 4 1 1 21 13 13 4 0 13 3 13 0 19 
2 2 2 9 0 16 13 4 0 4 4 0 13 3 0 3 3 
0 0 0 3 16 13 0 4 0 4 4 0 0 3 0 3 0 
13 0 0 3 0 0 0 0 0 4 0 0 0 0 0 3 0 
0 0 16 3 0 19 13 16 0 4 0 0 3 16 13 0 0 
3 0 1 6 0 3 0 0 0 4 0 0 3 0 13 0 0 
3 16 0 16 0 3 0 16 16 4 16 0 19 0 0 0 0 
8 2 2 13 0 0 0 16 0 0 0 0 13 0 1 1 1 
