16 16
0 0 0 3 13 16 0 0 0 0 0 0 0 13 0 13 
3 0 0 3 0 0 4 0 0 0 0 13 0 3 0 0 
3 16 0 3 0 13 4 0 1 1 1 1 0 3 0 0 
3 0 0 0 0 0 4 0 0 0 0 0 0 3 0 0 
3 0 0 13 0 0 16 0 0 1 1 1 0 13 0 16 
3 0 16 0 0 0 0 0 0 0 0 0 0 1 1 1 
3 7 25 16 0 0 0 0 4 0 13 0 16 0 16 0 
0 4 3 0 0 16 0 0 4 13 0 0 16 0 0 0 
0 0 3 0 0 2 9 0 4 10 1 1 1 1 1 16 
0 0 3 0 0 0 19 0 4 3 19 16 0 13 13 0 
0 0 3 0 18 9 0 0 0 3 3 0 0 1 1 1 
16 2 2 2 0 24 2 0 0 13 3 0 0 0 0 0 
0 0 0 0 0 0 0 0 16 16 0 0 16 13 13 0 
4 0 0 0 0 16 0 0 0 16 0 13 3 0 0 0 
4 0 0 0 13 16 0 0 19 0 0 13 3 0 0 13 
4 0 0 0 0 1 1 1 6 13 0 16 3 0 13 0 
