16 16
0 0 0 1 1 1 13 0 0 18 2 2 2 2 16 0 
0 16 0 0 0 0 13 16 0 0 0 0 0 0 0 16 
0 2 2 2 16 0 16 16 13 0 13 16 16 0 0 16 
0 0 0 0 0 0 0 0 0 0 0 0 0 0 0 16 
3 0 0 0 0 0 0 0 16 13 16 16 1 1 1 5 
3 0 0 1 1 1 1 1 5 0 0 0 0 16 0 4 
3 0 0 13 0 0 0 0 4 0 0 16 0 0 0 4 
0 0 16 0 1 5 0 0 4 18 2 9 16 13 0 0 
0 13 3 0 0 4 0 0 4 0 0 3 16 16 0 16 
0 10 6 0 13 4 0 0 16 0 13 3 16 16 0 16 
0 3 0 0 16 4 0 13 16 0 13 0 13 0 0 16 
0 0 13 0 16 4 0 0 0 0 1 1 1 0 13 0 
0 17 5 0 0 4 13 0 16 0 0 0 0 0 0 0 
13 0 4 0 0 4 16 0 0 0 0 0 0 4 0 0 
0 0 0 0 13 12 1 1 5 0 16 0 0 28 1 1 
0 0 0 0 0 13 0 16 4 0 0 0 0 0 0 0 
