15 15
0 0 0 0 4 0 0 1 1 17 0 0 0 0 0 
0 0 4 0 4 0 0 0 0 16 0 0 0 16 0 
0 0 4 0 4 16 0 16 16 0 0 16 0 0 0 
0 0 4 13 1 1 1 1 1 1 1 1 1 1 1 
13 0 0 1 1 17 0 0 0 0 0 0 0 0 16 
0 0 0 0 13 0 0 0 0 0 0 0 0 0 0 
0 0 0 0 0 0 16 16 13 7 2 2 2 0 0 
4 0 16 0 1 1 1 13 0 4 13 0 4 0 4 
12 1 1 0 13 0 0 16 0 16 13 2 11 0 4 
0 0 0 0 0 0 0 16 13 0 0 0 0 0 4 
0 0 0 16 0 13 13 0 0 16 16 13 13 16 16 
10 1 0 16 16 0 2 2 2 0 16 0 0 0 0 
19 0 0 0 0 13 0 0 0 0 0 16 16 0 16 
0 10 17 0 0 16 0 0 0 0 2 2 2 2 2 
0 3 0 0 16 0 0 0 0 0 16 0 0 16 0 
