16 16
0 0 0 0 0 0 0 0 0 4 0 0 0 13 0 0 
3 0 0 16 0 13 0 0 0 4 0 0 0 3 0 0 
3 13 0 3 0 0 16 16 0 4 13 0 0 8 18 0 
3 13 0 8 2 0 0 10 1 1 1 0 0 13 0 0 
0 0 0 0 0 16 0 3 0 0 0 16 13 0 7 2 
0 0 0 0 16 0 0 0 0 0 0 0 0 2 11 0 
0 0 0 16 16 16 0 18 2 2 2 2 0 0 0 0 
16 3 13 0 16 16 0 0 0 0 0 0 16 0 7 9 
13 8 2 0 0 16 0 13 0 16 0 0 0 0 20 3 
0 0 0 13 13 0 0 0 13 0 0 0 0 16 0 3 
0 0 0 16 13 0 0 0 1 1 1 1 1 13 13 3 
0 0 0 16 0 20 0 3 13 0 0 0 16 0 0 3 
10 1 1 1 0 4 0 3 0 0 0 4 0 13 0 3 
3 13 0 0 0 4 0 3 0 2 2 11 0 16 4 3 
3 0 4 0 0 4 0 16 0 0 13 0 3 16 12 6 
0 2 11 0 0 4 0 0 0 0 16 1 6 0 0 0 
