16 16
0 0 13 0 0 16 0 0 1 5 0 0 13 4 0 0 
0 16 2 2 2 16 0 0 0 20 0 0 13 4 0 0 
0 16 0 16 0 0 16 0 20 0 0 0 0 4 0 0 
0 13 0 16 13 16 0 18 11 0 0 0 0 0 0 16 
0 0 0 13 3 16 0 0 0 0 0 16 0 1 1 17 
0 0 0 0 3 13 0 0 0 0 0 0 0 0 16 0 
16 0 16 13 19 0 13 0 0 16 0 2 2 2 18 0 
2 2 2 0 0 0 0 0 0 0 0 16 0 0 16 13 
0 0 0 0 0 0 7 2 9 16 0 0 0 0 0 0 
0 0 0 0 0 0 4 0 3 0 0 16 16 0 0 0 
0 7 2 0 0 0 4 16 3 0 16 10 1 17 0 0 
0 4 0 0 0 0 28 1 3 0 16 3 0 16 0 0 
16 4 0 0 16 0 0 13 16 0 16 3 0 0 0 4 
13 0 0 16 0 0 0 16 0 3 0 0 0 16 13 4 
0 0 13 16 0 0 1 5 0 8 2 2 13 13 0 4 
13 0 0 0 0 0 0 4 0 13 0 16 0 13 16 4 
