16 16
16 1 1 1 0 16 0 0 0 10 1 0 13 1 1 1 
0 16 0 0 0 4 13 0 0 3 0 0 0 13 0 0 
0 0 0 0 0 4 0 13 0 3 13 0 0 0 0 0 
0 0 16 16 16 4 0 0 0 3 0 0 3 16 0 0 
13 0 7 2 2 11 16 0 1 6 1 1 6 0 0 0 
0 16 4 0 16 0 16 0 0 0 0 0 0 0 4 0 
0 0 0 3 16 0 0 0 0 13 0 0 0 18 11 0 
0 13 0 3 0 13 0 0 13 10 1 1 0 16 0 0 
0 0 0 3 0 0 0 0 0 3 0 16 0 0 0 0 
0 0 16 16 13 0 1 1 1 6 16 16 16 0 0 4 
0 13 0 0 16 0 0 16 0 16 0 0 0 0 0 4 
16 0 0 16 0 0 0 0 0 13 3 16 0 0 0 20 
2 9 0 4 16 0 13 13 13 10 6 0 0 13 0 0 
0 3 0 4 13 16 13 0 0 3 0 0 16 16 3 0 
0 3 0 4 16 0 0 13 16 0 13 1 1 1 6 0 
0 0 0 20 16 0 16 0 2 2 2 13 0 0 0 0 
