17 17
0 13 0 0 0 0 0 0 2 2 2 2 0 13 16 0 0 
0 13 0 16 13 13 0 13 0 0 0 0 0 13 3 16 13 
0 13 0 0 2 2 2 16 0 0 0 13 4 13 3 0 0 
3 16 0 13 16 0 0 0 0 2 9 0 4 0 3 0 0 
3 0 0 16 0 0 0 0 13 0 3 0 4 0 0 13 19 
3 0 16 0 0 0 0 1 1 1 3 0 0 0 0 1 6 
3 0 3 0 0 13 0 0 13 0 0 13 0 0 19 0 16 
3 0 3 0 0 20 16 0 0 0 0 16 3 13 3 0 4 
3 0 3 16 0 4 0 0 17 5 0 0 3 0 3 0 4 
3 13 0 0 13 4 0 0 0 4 16 0 3 0 3 0 20 
16 0 0 0 13 0 16 0 0 0 0 0 0 0 3 0 0 
13 13 13 0 0 0 0 13 0 0 0 18 2 18 2 0 0 
16 13 13 0 13 0 0 0 0 16 0 0 0 0 3 16 16 
0 26 1 1 1 1 17 0 16 26 1 13 0 1 6 0 13 
0 3 0 16 16 0 0 16 13 8 18 9 0 1 5 0 0 
0 0 0 0 0 0 0 0 0 0 0 3 0 0 4 0 0 
18 2 2 0 0 18 2 2 0 13 16 8 2 2 11 0 0 
