16 16
0 16 2 2 18 0 13 0 1 1 1 0 0 0 0 13 
13 0 0 0 0 0 16 0 13 0 0 0 13 0 16 0 
0 13 0 0 0 0 3 0 0 0 0 1 1 1 21 0 
0 0 0 0 0 0 8 2 2 0 19 0 0 0 4 0 
0 10 1 0 13 0 0 0 0 0 8 18 2 9 4 0 
0 3 13 0 13 0 0 0 0 0 0 0 0 3 4 3 
0 0 0 3 0 0 0 0 16 0 0 0 20 0 4 3 
10 5 13 3 0 0 7 2 2 0 13 0 4 0 4 3 
3 4 0 3 0 0 4 0 0 13 0 0 4 0 4 0 
0 0 13 0 0 0 4 0 0 13 0 13 0 0 4 13 
13 0 16 0 16 0 4 0 2 2 2 0 0 16 16 0 
0 0 0 0 16 0 16 0 0 13 0 13 0 0 13 0 
4 1 1 1 17 0 0 16 0 0 0 0 13 0 0 3 
4 0 0 0 0 0 0 16 0 0 0 0 16 0 1 6 
4 0 4 0 0 0 13 13 0 0 0 16 0 0 0 0 
4 0 12 1 0 0 0 1 1 1 1 1 0 0 0 0 
