18 18
3 0 0 0 0 0 16 0 13 0 0 16 0 0 16 13 0 0 
8 9 0 0 0 10 1 0 10 17 1 21 0 0 0 0 0 0 
13 3 0 0 0 3 0 17 6 0 0 4 0 0 3 13 0 4 
0 0 16 0 0 13 0 0 0 0 0 4 16 0 3 0 0 4 
0 0 0 0 0 0 0 3 0 0 0 16 13 0 3 16 0 4 
0 0 0 0 16 13 1 6 0 0 0 0 0 19 3 0 16 0 
13 0 2 2 2 0 0 16 3 0 0 3 0 3 0 0 0 16 
0 0 0 13 0 0 0 0 3 13 0 3 0 19 0 4 0 0 
0 4 0 16 0 0 0 0 3 0 0 8 9 0 7 11 0 4 
0 12 1 1 0 0 0 0 0 0 0 0 3 0 28 5 0 4 
0 0 4 0 0 0 0 16 0 13 0 0 0 0 16 4 16 4 
0 0 4 0 0 13 0 16 16 0 0 0 13 0 0 4 0 4 
13 0 4 0 0 2 2 2 2 2 2 0 0 4 0 4 0 0 
0 0 4 0 16 0 16 0 0 0 16 0 2 11 0 0 0 0 
2 9 4 0 0 0 0 16 0 0 0 13 0 13 0 0 0 0 
0 8 11 0 0 0 0 16 17 1 17 0 0 0 0 16 4 0 
19 0 0 0 16 0 16 0 0 0 0 16 0 0 0 0 4 0 
8 2 0 0 0 13 18 2 2 0 0 16 13 0 16 0 20 16 
