18 18
2 2 18 0 0 0 13 0 0 16 0 16 0 0 0 19 0 13 
0 0 0 0 0 4 0 0 0 2 2 18 0 0 0 3 0 0 
4 0 0 0 0 4 0 0 0 0 0 0 0 0 0 3 16 13 
20 0 0 16 0 12 1 0 13 16 0 0 0 0 0 0 0 0 
4 0 0 0 0 10 1 1 1 5 0 0 13 3 0 0 0 0 
20 16 0 0 0 3 0 16 0 12 1 5 0 8 2 0 16 16 
0 0 0 13 0 3 0 0 3 0 0 4 0 0 0 16 0 19 
0 0 0 16 1 6 4 0 3 0 13 0 0 16 16 13 0 3 
0 0 0 0 0 2 11 0 3 0 0 0 13 0 0 0 0 19 
13 0 16 3 0 0 0 0 0 0 13 0 16 0 0 16 16 0 
0 0 0 3 0 10 1 0 0 0 0 0 2 2 2 2 0 0 
0 0 0 3 0 19 0 0 0 13 0 0 0 0 0 0 0 3 
4 0 0 3 0 3 0 10 17 0 0 3 0 0 13 1 1 6 
20 0 0 0 0 0 0 3 0 16 0 3 13 0 0 0 0 0 
4 0 0 7 2 0 0 0 0 0 0 3 0 0 13 13 0 0 
4 0 0 20 0 13 0 0 2 9 0 16 0 0 0 0 13 4 
0 13 0 0 0 0 0 16 0 3 0 0 0 0 0 18 2 11 
0 0 0 0 16 2 2 2 0 0 13 17 1 1 0 0 0 0 
