18 18
0 0 0 0 0 0 0 13 0 0 16 0 7 2 2 0 0 0 
0 4 0 0 2 2 2 2 0 0 0 0 4 0 0 0 0 0 
2 11 0 0 0 0 13 0 0 0 16 16 4 0 0 0 16 0 
16 0 13 13 13 3 0 0 0 0 0 0 0 16 16 13 3 0 
13 13 0 0 0 3 0 1 5 0 0 0 0 16 0 0 3 0 
0 0 0 0 0 3 13 4 4 0 0 0 16 3 0 0 3 0 
2 9 0 4 16 13 0 4 0 0 13 16 0 3 0 0 0 0 
0 3 0 4 0 0 13 12 1 0 0 2 9 3 0 0 0 0 
0 0 0 4 0 16 19 0 16 0 0 0 19 3 0 16 0 3 
18 2 2 11 13 0 3 0 0 0 0 0 0 8 2 16 0 3 
0 0 0 0 16 13 3 16 0 0 0 0 0 13 0 0 13 19 
13 0 0 0 16 0 13 0 0 13 0 13 16 3 0 13 0 0 
13 13 0 0 0 0 0 0 16 0 16 13 0 3 0 0 0 0 
0 0 0 0 0 2 2 2 9 0 16 0 0 3 16 0 13 0 
2 2 18 2 2 0 1 1 6 0 13 0 13 0 0 1 1 17 
16 0 0 0 0 0 0 0 16 16 0 0 13 0 0 0 0 0 
13 1 1 17 1 1 0 16 16 16 0 13 0 16 2 2 2 0 
0 0 13 0 16 0 0 0 0 13 0 0 0 0 0 0 0 13 
