16 16
0 0 0 0 0 0 2 2 2 0 0 13 13 13 0 0 
0 13 18 2 2 0 16 0 0 0 0 0 0 0 13 0 
3 0 0 0 0 0 0 0 1 1 17 1 5 0 0 0 
3 0 0 0 0 1 1 17 0 13 0 0 4 2 2 25 
3 0 4 0 0 16 0 0 0 13 0 0 4 16 0 3 
0 2 11 13 0 0 0 0 0 0 0 0 0 0 0 0 
0 0 0 0 3 0 2 2 2 0 10 1 0 4 0 4 
0 0 0 0 3 0 0 0 0 0 3 0 0 4 0 4 
2 2 2 13 3 0 0 19 0 0 3 2 2 11 13 4 
16 0 16 13 24 2 0 3 0 16 0 0 0 0 16 4 
0 0 0 0 16 13 0 3 0 16 13 0 13 0 0 0 
4 0 13 0 0 0 0 13 0 0 0 16 0 17 1 1 
4 0 0 16 3 0 0 0 16 17 5 0 16 0 0 0 
4 0 0 0 3 0 0 0 0 0 4 0 0 0 0 0 
0 0 0 0 3 0 16 13 0 0 0 13 16 13 16 0 
13 0 0 0 3 16 2 2 2 2 0 1 1 1 1 0 
