18 18
0 0 0 16 0 0 0 0 0 0 1 5 0 16 0 13 16 3 
0 13 1 1 1 1 0 0 0 0 0 12 1 1 0 0 0 3 
16 13 0 0 0 0 0 16 16 0 0 0 0 0 0 0 0 3 
7 2 18 0 0 0 0 0 4 0 0 0 0 16 0 0 0 0 
4 0 0 0 0 13 0 2 11 0 0 16 13 4 16 0 0 0 
4 0 0 0 0 0 16 0 0 0 0 0 2 11 13 0 4 0 
0 0 0 16 0 0 0 0 1 1 5 0 16 0 13 0 4 0 
13 13 0 0 0 0 13 0 0 0 4 0 13 0 0 13 4 0 
0 0 0 13 4 0 4 0 0 0 20 0 0 16 16 0 0 13 
13 16 0 23 11 2 11 13 0 0 0 4 0 0 4 0 0 13 
0 16 16 4 0 0 0 0 0 3 0 4 0 0 4 0 0 0 
0 13 16 13 0 0 0 0 13 3 0 4 16 0 20 0 0 0 
0 0 13 16 16 16 0 16 0 3 16 0 0 0 0 0 0 13 
0 13 0 0 0 16 0 0 13 3 13 0 0 0 0 16 16 13 
2 2 2 0 0 0 3 0 0 0 13 4 0 0 16 0 0 0 
0 0 16 0 16 0 3 0 0 0 2 11 19 0 0 0 3 4 
0 1 1 17 0 16 3 0 0 0 0 0 3 4 0 0 8 27 
0 0 13 0 0 0 13 0 0 0 0 0 24 11 0 13 0 0 
