16 16
0 13 0 0 0 0 0 0 0 0 3 0 4 0 16 0 
13 0 3 13 0 16 4 0 0 0 8 25 12 1 1 0 
13 0 8 2 2 16 4 0 0 0 0 3 0 0 0 0 
0 0 0 0 0 0 12 1 0 16 0 0 0 0 16 0 
13 0 0 0 0 0 0 0 0 16 16 0 0 0 4 0 
3 0 0 0 0 0 0 0 0 16 0 0 0 0 4 16 
8 2 9 16 1 1 1 1 5 0 16 13 0 0 4 0 
0 16 3 0 16 0 0 0 4 0 0 16 0 3 0 0 
0 0 3 0 16 16 16 0 4 0 0 0 0 3 0 0 
0 0 3 0 0 0 0 0 12 1 1 16 0 3 0 0 
17 1 1 13 0 16 0 13 0 16 0 0 0 0 0 0 
0 0 0 0 16 0 16 4 0 16 0 0 1 1 1 1 
0 16 0 3 0 16 0 4 0 0 0 0 0 0 0 0 
0 1 1 6 0 13 0 4 0 16 4 0 13 0 0 0 
0 16 0 0 0 13 16 0 16 0 4 0 0 0 16 0 
0 0 0 0 0 13 0 0 0 0 12 1 17 0 0 0 
