16 16
0 0 0 0 0 1 5 0 0 0 16 0 16 0 13 0 
13 13 0 16 0 0 20 0 0 0 18 2 2 0 0 0 
0 0 0 2 2 2 0 0 0 16 0 0 0 0 0 0 
19 0 0 0 0 0 13 0 0 13 0 0 0 13 0 0 
3 0 16 0 0 0 0 0 0 0 0 17 1 1 1 1 
3 0 16 0 3 0 10 17 0 0 0 0 0 16 0 16 
3 0 0 0 3 1 6 0 16 19 0 0 0 0 0 0 
0 0 0 0 3 0 0 0 0 3 0 1 1 1 17 16 
0 13 0 0 3 13 0 0 0 19 0 13 13 0 0 0 
0 0 0 0 8 9 0 0 0 0 0 0 4 13 0 0 
0 0 0 0 0 3 0 20 0 13 0 0 4 13 0 0 
0 2 9 0 0 3 0 4 13 0 0 16 4 0 0 13 
0 0 3 0 0 13 0 20 0 0 0 0 13 0 0 0 
0 0 0 0 0 0 0 0 0 0 0 0 16 13 0 13 
0 0 0 0 0 16 16 2 2 2 18 0 0 0 0 0 
0 1 1 1 0 16 0 0 0 0 0 16 1 1 1 0 
