15 15
0 13 0 16 0 0 0 0 19 16 0 0 0 0 0 
0 16 16 0 1 1 1 5 3 13 16 0 0 16 0 
0 0 0 3 13 0 0 4 3 0 0 2 2 2 0 
0 16 0 3 16 0 16 4 3 0 16 13 0 16 0 
0 0 16 3 3 0 16 4 3 0 0 0 0 0 0 
0 0 13 3 3 0 0 4 0 0 0 0 0 0 0 
0 0 0 3 3 13 0 4 0 13 0 0 0 16 0 
16 0 16 3 0 0 0 4 13 1 1 1 0 3 16 
13 16 10 6 0 16 16 0 0 0 0 0 0 3 0 
0 0 3 1 5 0 0 16 0 0 13 10 1 6 16 
0 0 8 2 11 0 0 16 0 0 0 3 16 0 0 
0 0 0 13 0 0 0 0 13 10 1 6 0 16 0 
4 0 13 0 16 13 0 0 0 3 0 0 0 13 0 
4 0 0 0 3 0 13 1 1 6 0 0 0 3 0 
4 0 0 0 8 2 0 13 0 16 0 0 1 6 0 
