18 18
0 0 3 16 13 0 1 1 1 16 13 0 13 0 0 3 16 0 
0 0 3 0 16 0 0 16 0 16 13 13 0 0 0 3 13 0 
0 0 19 0 0 18 2 2 16 0 0 0 0 4 0 3 0 0 
0 0 0 0 0 0 4 16 16 0 0 0 0 4 13 3 0 0 
0 0 0 16 16 13 4 16 0 16 0 0 13 4 0 0 0 0 
0 10 1 0 13 0 12 1 17 0 16 0 16 4 0 0 10 1 
3 8 2 0 0 16 0 0 0 0 0 0 0 16 0 0 3 0 
3 16 13 0 13 0 16 16 0 16 3 13 0 0 0 0 13 0 
3 0 0 0 0 10 1 0 0 0 3 0 0 0 0 0 13 4 
19 0 0 0 0 8 2 0 0 0 19 16 13 13 7 9 0 4 
0 13 0 16 13 16 16 16 0 0 3 0 0 0 4 3 0 4 
13 0 0 3 16 0 0 0 13 0 13 0 13 18 9 3 0 4 
0 0 0 3 0 0 13 2 2 2 2 0 0 0 3 0 0 0 
0 0 0 3 0 0 0 16 0 13 0 0 0 0 13 0 16 0 
4 0 0 3 0 13 0 0 0 0 0 13 0 13 0 0 0 3 
4 0 2 2 2 0 0 0 7 2 0 0 2 2 2 9 0 3 
4 0 16 0 0 16 2 2 11 13 13 16 0 13 0 3 13 19 
4 0 0 0 0 0 0 0 0 0 13 0 0 0 0 0 16 0 
