16 16
0 0 0 0 0 1 5 0 0 0 0 0 19 4 0 4 
0 0 0 16 0 0 4 13 13 0 0 0 8 11 0 4 
13 1 1 1 0 0 4 16 0 2 2 2 13 0 0 4 
0 0 0 3 0 4 0 13 0 0 13 0 0 0 0 0 
0 0 0 3 0 4 16 0 13 0 0 0 0 7 9 16 
4 13 0 8 2 11 13 13 1 1 1 0 0 4 3 16 
12 5 0 0 0 16 0 0 0 0 16 16 13 4 3 13 
0 4 0 0 0 0 0 0 0 0 0 0 2 11 3 16 
0 0 0 0 0 0 0 0 0 16 16 16 0 0 3 0 
2 2 2 0 3 0 1 1 1 0 0 13 0 13 3 0 
0 0 13 13 3 0 4 0 0 0 0 0 0 0 0 0 
0 0 13 0 3 0 4 0 0 16 2 2 2 0 13 16 
0 0 0 0 0 0 4 0 0 0 16 0 13 0 10 1 
16 16 4 16 0 18 11 0 0 13 0 0 0 0 3 0 
0 0 4 13 0 0 0 0 0 0 0 1 1 1 0 13 
0 16 4 0 0 16 0 2 2 18 0 0 0 16 0 13 
