15 15
4 0 0 13 0 13 0 0 17 1 1 16 0 0 0 
4 0 16 1 1 1 0 13 0 13 13 0 0 0 16 
4 0 0 13 0 0 0 0 20 0 0 0 1 1 1 
0 13 0 2 2 9 13 0 4 0 7 2 13 0 0 
0 0 16 0 0 3 16 0 4 0 4 0 0 3 0 
0 0 0 0 16 13 0 0 0 0 0 0 13 3 0 
0 0 0 0 16 0 0 0 0 0 0 4 0 3 0 
0 4 0 0 3 0 0 0 0 0 0 4 0 3 13 
0 20 0 16 3 16 13 16 0 0 0 4 0 0 0 
2 11 0 10 6 0 7 18 2 2 0 4 0 0 16 
0 13 0 3 0 13 4 0 0 0 0 0 26 1 17 
0 0 0 3 0 13 4 0 4 13 0 0 3 0 13 
2 2 2 3 7 2 11 13 4 0 0 0 3 1 21 
0 0 0 3 4 0 16 0 4 0 0 7 2 0 4 
0 0 0 8 11 13 0 0 4 0 16 4 0 0 20 
