16 16
0 17 1 1 0 13 0 0 0 0 0 7 2 0 0 0 
0 0 0 0 13 4 0 4 0 0 16 20 0 0 0 0 
0 0 0 0 0 4 0 4 13 0 0 0 0 16 0 0 
0 4 13 0 0 4 0 4 16 0 0 0 4 0 0 0 
0 4 0 0 16 20 0 0 0 0 16 18 11 0 3 16 
0 4 0 0 0 0 0 0 13 13 0 0 0 0 3 0 
0 16 0 0 0 20 0 0 4 0 0 0 0 13 3 0 
13 0 0 13 0 4 0 0 4 0 0 13 13 0 0 0 
0 1 1 17 0 4 0 0 4 0 0 0 0 0 16 13 
0 0 13 16 0 16 0 13 0 0 0 2 2 2 2 0 
0 0 0 0 13 13 0 0 0 0 0 0 0 0 0 4 
13 20 0 0 17 5 13 20 0 0 0 3 0 13 18 11 
13 4 0 0 0 4 16 4 0 0 0 3 0 0 0 0 
0 4 0 0 0 0 0 4 0 0 16 19 0 13 16 0 
0 0 16 0 20 0 0 0 0 13 0 0 0 0 13 0 
0 16 0 2 11 0 0 0 0 16 2 2 2 0 0 13 
